619 400 205 448 702 618 130 686 746 915 112 950 524 853 316 826 537 1241 317 1256 527 1570 313 1591 
622 400 205 447 702 651 134 683 747 937 108 950 534 846 314 839 546 1236 343 1247 537 1568 340 1587 
622 398 206 447 702 647 137 680 748 936 104 951 535 834 312 839 547 1223 347 1233 538 1553 344 1575 
622 398 207 447 702 645 139 680 750 934 100 953 538 836 310 848 549 1224 348 1234 540 1560 345 1579 
622 396 208 447 702 648 139 679 749 933 99 955 539 835 309 849 551 1225 350 1236 541 1560 347 1579 
623 396 208 447 702 649 140 680 751 933 99 958 543 835 309 853 555 1225 354 1236 545 1563 351 1584 
623 396 209 448 702 642 140 680 752 926 99 957 543 836 309 855 555 1226 353 1237 544 1569 350 1589 
623 397 209 449 703 641 140 681 754 926 99 962 543 836 309 855 555 1226 352 1237 543 1572 349 1595 
623 397 210 449 703 639 140 681 755 920 99 962 543 836 309 856 555 1226 354 1238 544 1574 352 1597 
623 397 213 449 703 639 140 684 756 915 99 964 544 840 310 863 555 1229 353 1245 544 1582 351 1606 
623 397 215 450 703 635 140 686 759 910 99 966 544 844 310 868 550 1233 349 1251 538 1587 346 1611 
629 398 218 447 704 633 143 686 759 906 99 964 542 844 309 867 540 1233 342 1251 523 1588 332 1611 
632 398 223 440 704 632 146 688 761 903 101 964 539 844 308 866 529 1234 331 1251 509 1589 319 1611 
645 398 227 431 705 635 150 686 765 902 103 940 543 846 311 865 531 1237 331 1252 511 1589 321 1610 
655 399 229 418 710 658 152 678 769 904 134 905 548 848 314 862 532 1241 332 1252 513 1589 322 1605 
654 396 229 400 724 657 146 654 771 904 209 801 550 851 317 861 532 1241 331 1250 512 1585 320 1593 
652 390 230 383 725 651 141 590 770 859 222 751 551 842 317 843 533 1224 330 1222 513 1564 319 1563 
648 374 230 370 721 594 141 539 712 817 202 741 543 778 325 784 529 1211 325 1202 503 1553 308 1542 
639 366 232 357 700 559 145 497 682 795 177 708 538 752 326 755 519 1193 321 1181 491 1535 290 1527 
619 354 230 350 664 529 145 503 647 758 138 717 525 744 325 750 506 1173 316 1161 481 1515 285 1500 
602 347 227 347 638 507 145 498 612 719 136 704 521 736 325 744 507 1152 317 1146 485 1489 290 1482 
590 338 225 347 630 477 144 492 575 683 136 683 510 732 322 742 477 1057 305 1062 481 1350 292 1377 
569 323 224 339 608 493 137 487 574 698 137 697 502 727 320 735 484 1092 305 1090 481 1404 298 1412 
559 311 224 334 599 496 130 485 586 709 137 698 500 719 314 727 486 1092 302 1088 483 1404 302 1409 
549 298 223 316 591 485 130 487 587 702 138 698 501 711 310 715 482 1063 286 1055 483 1384 299 1376 
547 289 223 306 590 465 131 473 584 671 134 682 501 699 306 709 604 952 249 990 510 1296 305 1360 
546 284 220 298 580 477 134 482 542 657 132 647 497 676 303 688 704 642 52 670 385 823 386 880 
552 279 218 289 576 488 141 485 484 649 199 599 491 622 294 625 672 557 59 589 327 777 414 757 
563 286 216 278 584 492 141 454 519 668 186 602 485 595 286 586 593 538 104 559 268 832 406 694 
581 289 203 288 589 513 138 559 560 732 231 726 474 550 281 541 500 547 135 562 282 885 399 711 
582 271 195 280 586 512 137 553 589 730 143 717 472 472 281 462 502 545 145 559 318 821 407 688 
586 230 184 241 584 469 130 500 610 709 104 712 456 404 272 406 479 547 180 546 333 764 409 692 
586 137 172 133 586 397 121 400 608 637 78 639 448 299 260 290 467 465 192 518 339 700 400 680 
571 82 167 72 573 351 114 340 600 582 71 574 438 242 255 247 445 471 209 487 340 687 396 678 
538 24 172 19 559 258 103 233 565 482 72 454 426 217 253 208 405 479 207 434 344 654 327 564 
499 -76 168 -97 535 175 98 152 523 396 84 372 416 138 247 118 384 414 211 388 343 657 295 572 
494 -105 157 -126 523 141 99 106 510 363 88 332 406 133 240 123 370 418 219 396 347 669 289 592 
467 -148 154 -150 505 73 95 65 500 308 86 288 391 127 234 122 357 407 226 406 349 653 300 613 
448 -162 158 -161 484 45 108 52 475 276 88 266 385 123 235 120 362 407 231 404 350 665 303 623 
437 -180 174 -174 483 22 121 15 478 245 103 227 381 99 232 102 378 384 239 379 355 645 301 619 
426 -208 193 -199 454 -26 137 -12 445 132 143 170 385 79 235 88 388 357 245 361 363 586 296 614 
431 -211 205 -200 447 -21 155 0 432 105 207 192 387 88 237 102 394 340 252 360 366 543 291 606 
421 -217 202 -190 425 -39 195 35 418 90 183 246 386 92 237 104 389 345 258 360 368 551 291 608 
433 -183 216 -176 444 16 183 50 439 190 177 276 388 109 245 115 386 355 265 362 368 555 291 604 
441 -168 228 -154 456 45 215 68 472 251 182 280 396 109 255 105 389 357 268 360 369 554 287 596 
483 -156 239 -155 466 40 203 81 480 268 197 281 408 87 268 77 391 343 273 340 369 559 290 568 
481 -108 246 -100 474 41 201 101 489 289 202 289 410 75 268 62 391 334 274 318 369 550 292 539 
472 -38 242 -28 478 116 197 126 496 317 203 295 409 78 267 63 389 337 274 325 368 542 294 529 
462 -41 238 -24 477 129 195 143 487 328 202 307 405 62 267 54 386 326 279 314 368 541 301 533 
455 -24 240 -2 476 139 198 161 487 330 200 321 401 66 267 59 387 327 277 320 369 538 304 538 
455 -9 243 23 476 129 199 162 486 330 198 327 400 76 268 68 408 332 277 325 376 527 305 537 
434 30 241 73 464 138 206 192 476 326 199 334 400 80 271 73 414 318 280 320 400 500 306 530 
435 11 262 61 471 126 255 195 474 305 207 333 404 82 283 81 435 320 284 323 423 488 307 527 
459 8 268 52 468 129 260 183 472 274 213 329 412 105 297 104 447 321 287 327 441 491 309 531 
487 41 284 68 468 177 251 187 478 313 223 334 432 101 320 102 457 324 301 319 443 490 310 529 
508 44 313 58 511 171 265 172 502 321 241 325 455 113 347 108 474 324 312 321 445 492 312 527 
527 30 325 47 534 175 286 170 522 329 265 318 464 137 360 129 471 329 316 322 439 497 317 516 
536 32 334 43 551 178 303 173 542 330 276 317 470 136 366 126 472 330 326 318 439 498 343 489 
538 30 331 40 555 181 296 176 551 334 277 319 470 140 364 131 470 330 337 316 437 498 358 481 
533 29 328 38 547 176 297 175 549 324 277 315 466 142 362 134 468 327 345 316 438 496 363 484 
528 28 326 35 542 174 292 175 542 322 272 305 463 145 358 140 465 319 344 315 439 494 363 486 
518 27 322 32 528 168 288 168 536 308 268 291 456 151 355 145 460 321 344 316 438 493 361 487 
503 22 318 27 515 154 286 156 517 291 267 272 448 150 354 142 456 323 342 317 438 493 362 488 
497 9 318 -5 508 134 285 127 507 264 267 248 443 148 353 141 456 317 342 317 438 489 364 487 
497 -30 319 -36 509 99 284 90 508 222 265 213 444 146 354 140 462 318 343 317 447 481 363 485 
496 -46 318 -51 510 73 284 66 509 196 263 186 446 145 356 139 464 319 348 317 460 479 363 486 
508 -52 335 -62 514 49 295 53 513 172 270 167 452 141 364 138 464 320 356 317 462 479 363 487 
511 -63 341 -65 521 33 298 44 523 153 272 153 459 140 370 137 467 320 363 317 461 478 363 486 
525 -81 347 -89 530 23 304 30 532 142 275 141 467 137 375 134 468 320 369 317 460 479 362 487 
530 -90 360 -103 534 16 306 14 540 130 277 126 472 132 378 127 472 321 371 316 459 479 362 487 
548 -94 385 -101 545 15 310 8 551 125 279 115 480 130 383 123 476 321 373 316 460 479 362 487 
548 -96 395 -106 549 12 316 3 554 121 284 110 485 128 386 120 479 321 375 315 461 479 362 487 
556 -97 396 -109 554 9 323 1 559 113 288 107 489 127 390 118 480 322 377 315 461 479 362 487 
556 -95 397 -109 558 9 329 -3 562 117 294 103 490 127 393 118 480 323 379 315 461 479 362 487 
562 -99 399 -112 561 6 339 -4 570 112 303 99 493 126 396 117 481 323 377 315 462 479 363 488 
559 -92 398 -109 565 6 345 -1 574 114 307 100 493 126 398 116 482 321 376 315 463 479 363 484 
565 -90 394 -109 569 11 342 3 581 118 304 108 493 126 396 117 483 320 366 313 464 479 363 472 
564 -88 393 -106 571 12 342 5 582 120 303 111 492 126 394 117 482 320 360 311 464 478 362 460 
561 -87 390 -104 570 12 339 7 582 120 301 111 491 126 392 117 482 320 359 311 464 478 360 459 
548 -90 390 -102 555 11 336 9 578 117 298 112 482 126 382 118 475 320 359 312 464 478 359 461 
527 -89 373 -102 541 11 330 10 569 118 294 114 472 128 375 119 470 320 359 312 464 478 357 462 
515 -89 352 -101 521 12 315 10 550 120 284 115 463 128 367 121 467 323 359 314 463 478 356 463 
494 -68 350 -82 509 24 307 32 534 127 275 133 446 140 364 135 464 323 349 317 448 475 356 463 
487 -60 340 -74 506 31 299 39 526 140 270 146 442 148 362 145 463 322 329 320 429 467 356 463 
468 -19 346 -22 457 76 336 79 408 185 250 190 429 188 368 186 463 336 305 321 420 468 359 463 
447 241 282 243 447 389 257 382 444 525 241 502 410 305 328 299 495 402 216 384 407 462 305 446 
444 249 274 249 446 403 245 384 448 536 235 509 406 389 323 384 507 401 201 395 413 471 319 449 
443 250 271 250 446 408 245 382 448 538 237 512 407 391 323 388 504 397 211 401 416 478 325 449 
442 248 270 245 441 403 245 382 446 540 238 513 406 393 322 390 503 398 213 401 420 480 327 450 
439 246 269 245 443 402 245 381 445 544 238 512 407 391 323 391 504 395 209 409 421 486 327 452 
440 246 268 245 444 404 243 381 447 541 238 514 409 392 323 390 504 394 205 410 422 485 328 452 
441 246 270 243 443 405 243 380 446 539 237 512 408 392 322 390 505 395 204 411 423 483 325 452 
442 244 271 243 443 405 241 383 447 542 237 514 409 392 322 390 505 396 204 413 424 482 324 453 
443 245 271 242 444 405 242 380 446 541 236 512 409 391 321 388 506 395 202 413 424 479 324 453 
444 247 273 242 443 405 245 379 446 540 236 512 409 393 322 389 507 394 208 414 425 479 324 453 
445 248 275 242 443 404 245 381 447 541 235 512 410 395 324 390 508 392 209 409 428 479 325 454 
446 247 276 244 443 401 247 378 447 536 236 510 410 396 324 390 511 392 209 407 428 478 325 454 
446 238 277 239 445 393 247 370 446 513 232 497 411 393 325 389 513 392 208 408 427 473 328 454 
447 231 277 232 453 366 240 365 445 476 221 470 416 391 327 388 515 393 209 407 430 464 331 454 
447 214 279 222 455 347 232 330 439 457 207 428 420 388 330 384 517 400 211 401 427 454 333 453 
446 203 284 210 448 336 235 309 406 446 187 389 420 386 332 382 516 409 212 410 424 458 333 452 
441 195 288 206 432 321 244 306 355 425 187 380 421 381 334 381 513 416 218 416 427 458 335 450 
433 190 293 206 408 313 260 306 309 400 192 380 423 380 342 380 509 421 219 415 430 457 334 448 
430 188 295 206 396 309 268 307 290 394 196 378 423 380 342 379 505 422 219 415 433 456 334 447 
426 189 297 205 390 309 269 306 283 394 193 374 423 380 342 379 500 424 220 412 435 456 335 448 
426 186 298 204 400 306 266 302 298 390 185 365 423 380 342 379 494 422 214 411 435 455 335 447 
428 186 297 204 414 305 254 301 324 383 167 360 423 380 342 379 495 421 212 415 435 455 336 445 
432 185 295 200 464 307 242 294 385 376 165 350 423 378 340 378 495 420 207 421 435 455 335 444 
436 183 290 196 495 288 234 293 480 359 169 360 420 376 332 377 504 418 208 426 431 457 330 443 
437 180 286 192 499 274 233 295 543 341 232 366 414 373 326 376 516 403 221 439 427 457 326 442 
436 182 284 192 499 273 235 297 559 330 285 363 410 372 320 377 522 391 229 438 426 457 323 441 
435 182 284 191 496 268 246 298 567 317 298 356 406 370 318 376 524 382 241 439 426 457 320 440 
434 183 283 192 498 268 246 299 571 314 293 349 406 370 317 377 526 382 244 439 426 457 320 441 
435 183 282 192 501 272 240 300 556 316 277 340 409 370 317 377 526 387 240 437 426 459 321 442 
437 183 281 193 506 276 235 300 526 296 267 306 410 371 319 378 525 391 239 438 427 461 322 444 
438 180 281 191 507 284 228 298 506 256 186 278 413 372 320 378 524 401 234 437 427 461 324 445 
439 178 281 191 505 285 231 298 469 255 208 278 415 372 320 378 524 411 225 429 428 461 325 446 
438 178 281 191 504 285 234 295 443 259 216 281 417 373 323 378 520 419 221 421 430 460 330 447 
435 109 279 119 473 242 266 240 390 223 281 223 418 305 324 306 504 412 220 375 430 460 328 446 
436 84 272 96 475 222 260 236 412 196 268 204 420 272 325 279 495 366 220 370 438 446 333 446 
441 97 271 109 482 239 258 231 399 230 287 246 418 270 321 272 494 322 212 319 421 457 303 428 
450 142 270 125 483 297 214 246 392 313 275 268 410 298 313 305 493 354 202 351 405 481 287 485 
449 187 269 182 490 325 198 293 411 362 271 331 403 359 307 351 496 387 201 365 399 491 282 489 
448 211 268 212 501 339 190 324 423 378 270 356 398 391 304 385 507 402 187 368 397 488 275 487 
448 220 268 222 506 347 183 335 427 391 266 370 395 397 304 394 519 412 188 373 392 486 278 487 
449 219 268 218 509 342 180 338 444 399 265 386 394 398 299 393 526 414 185 375 392 484 274 484 
450 215 268 216 511 334 187 339 454 396 275 407 394 394 297 390 528 414 181 376 390 485 274 481 
454 211 268 215 512 331 187 341 451 389 286 392 395 391 298 387 525 412 185 382 390 486 274 482 
461 205 268 210 510 329 188 336 434 377 288 375 396 375 298 369 520 398 201 375 391 490 274 482 
465 190 269 198 506 327 194 331 414 367 291 370 396 352 297 347 506 384 206 376 389 490 273 481 
467 156 269 155 502 304 193 294 395 340 290 333 396 321 296 312 501 362 200 357 391 486 262 466 
465 148 263 149 506 286 178 283 397 312 270 313 395 320 292 313 504 353 187 345 394 479 258 466 
465 157 257 156 505 291 175 285 398 320 249 328 394 326 289 317 509 366 179 364 398 481 256 481 
456 207 255 212 511 346 166 336 408 394 252 385 389 384 288 382 516 410 169 408 398 486 260 490 
453 207 250 211 508 350 164 340 417 402 251 402 388 384 286 380 521 425 169 406 398 486 261 490 
452 161 242 169 509 305 163 316 419 363 242 366 388 345 287 345 537 394 167 391 419 475 257 485 
452 131 238 142 524 289 147 293 422 319 235 324 391 326 287 325 543 372 167 364 424 473 258 484 
455 148 234 157 536 290 147 301 430 328 228 334 401 327 288 337 543 379 169 367 427 522 268 522 
457 200 236 213 544 359 144 354 437 399 226 411 408 401 292 407 548 445 166 444 427 528 279 531 
463 216 234 224 547 386 140 366 445 423 215 430 407 418 292 415 544 470 162 447 424 525 282 532 
465 184 229 199 546 367 138 355 439 400 199 411 406 400 290 399 555 446 141 429 434 518 277 522 
467 128 218 144 570 325 104 299 451 322 186 337 407 370 287 374 565 417 134 384 437 521 277 521 
466 131 203 151 583 321 97 305 458 334 176 348 408 368 277 373 567 416 134 375 433 571 271 571 
465 198 194 215 586 389 91 374 454 414 160 411 408 445 277 449 578 493 120 456 431 588 269 598 
466 226 192 237 589 422 79 393 454 475 151 449 409 475 274 473 577 536 112 475 430 573 261 595 
479 187 192 214 593 389 84 371 454 460 161 432 416 444 274 441 608 514 114 463 437 573 247 575 
482 114 190 147 611 324 75 344 467 446 171 400 419 434 275 438 622 488 122 422 440 567 250 577 
495 93 191 123 669 303 63 344 498 376 177 361 432 423 276 425 635 476 125 422 451 664 289 662 
503 119 196 125 704 314 53 375 541 382 180 403 452 457 286 465 650 503 125 469 449 667 314 682 
514 256 199 275 740 414 35 460 563 535 191 561 472 560 299 570 695 527 112 474 440 677 321 675 
531 334 200 350 748 499 46 506 554 643 226 649 473 544 295 562 659 599 166 608 437 754 333 763 
534 336 204 348 753 486 53 491 545 633 234 648 467 528 294 547 565 641 281 701 436 739 334 789 
539 312 222 321 752 458 57 458 556 597 234 611 467 524 297 533 570 601 235 598 436 699 328 739 
535 303 240 312 733 443 72 454 545 594 239 593 468 537 311 546 667 492 188 507 435 682 324 708 
530 317 260 320 721 441 105 449 506 624 266 612 472 554 322 553 679 482 187 483 435 679 322 693 
529 321 280 321 660 461 160 443 502 627 219 596 483 574 342 578 688 492 172 479 445 677 322 686 
527 308 286 314 652 449 159 433 547 603 195 589 483 578 345 577 683 495 166 477 434 680 304 697 
530 302 285 309 660 411 155 386 680 468 101 458 480 596 341 593 679 497 153 462 430 696 254 703 
540 301 290 307 702 397 140 350 851 365 -24 370 479 606 336 597 678 516 148 468 420 701 266 709 
548 305 288 309 699 401 132 369 850 415 -43 397 479 596 336 590 686 528 151 472 416 702 324 712 
546 311 291 314 654 424 163 403 750 479 17 474 491 587 347 590 703 529 178 498 427 701 398 709 
546 321 293 325 636 468 180 449 736 571 56 562 505 595 361 600 718 528 209 505 435 701 443 707 
547 330 293 339 616 490 193 497 670 652 116 674 510 607 371 617 722 524 237 516 433 698 511 710 
554 337 293 349 623 512 204 523 637 702 160 711 511 618 369 628 727 535 230 545 433 703 516 712 
574 355 291 356 629 543 206 548 604 683 237 688 511 640 363 647 750 601 187 615 433 718 471 743 
592 360 290 362 634 532 203 551 612 655 235 680 512 645 363 648 767 629 162 633 433 715 459 747 
606 364 289 368 636 519 202 549 623 647 233 679 515 652 362 657 787 638 149 656 434 715 474 757 
610 357 289 362 638 530 204 542 627 664 215 690 522 659 361 668 799 658 135 693 452 773 455 794 
610 351 291 358 638 548 206 541 628 694 210 727 536 669 358 684 715 802 146 770 517 1005 396 1068 
614 350 291 355 639 578 206 552 637 726 205 753 548 679 360 694 586 944 350 975 535 1176 364 1201 
615 353 290 354 649 566 218 551 638 728 202 755 555 695 363 701 580 981 380 1006 564 1226 377 1243 
622 353 295 353 667 551 242 542 641 715 208 726 561 698 367 691 578 983 372 988 574 1226 383 1233 
632 352 304 355 710 522 259 540 700 705 211 711 576 698 380 687 574 993 367 982 566 1235 386 1223 
644 349 315 356 732 516 263 547 759 697 196 704 583 700 385 690 584 994 370 980 579 1234 388 1221 
649 346 323 356 733 519 257 553 789 691 168 698 588 703 389 692 597 994 368 984 597 1241 398 1233 
658 346 326 355 723 569 249 548 771 688 156 668 595 704 394 697 605 1001 349 980 628 1236 398 1243 
658 346 327 355 728 595 243 548 720 677 161 658 589 710 393 696 590 996 362 988 596 1236 388 1234 
655 349 324 360 726 636 222 585 514 630 242 660 591 724 392 707 600 1017 396 1021 616 1264 412 1271 
655 349 322 363 702 631 215 608 446 573 345 668 586 719 391 706 588 1022 388 1027 599 1264 411 1269 
638 347 317 362 706 621 204 603 459 579 352 655 584 714 390 706 591 1004 381 1004 593 1250 412 1264 
626 347 302 363 740 594 187 592 484 595 319 639 583 716 387 712 595 1019 390 1026 602 1271 413 1279 
613 345 288 368 752 534 184 593 627 596 203 636 581 714 382 710 595 1013 390 1022 599 1272 410 1280 
604 337 290 367 756 506 229 566 668 607 160 607 581 708 379 708 583 1003 383 1008 583 1269 397 1276 
601 336 291 367 762 515 264 551 621 612 176 598 580 708 379 707 582 997 380 1003 579 1257 399 1267 
597 336 292 367 754 569 284 553 522 614 186 601 579 710 384 709 587 1006 388 1015 601 1268 412 1284 
591 336 294 368 674 613 305 554 389 565 196 592 576 724 384 715 588 1015 392 1018 598 1280 412 1291 
588 335 298 367 644 628 302 553 356 538 198 581 568 739 381 716 560 1038 368 1038 567 1298 369 1304 
588 338 299 366 662 639 304 553 370 551 200 568 567 745 380 718 560 1047 357 1048 565 1311 368 1312 
589 343 303 364 722 630 297 541 379 621 195 569 570 741 393 713 565 1036 373 1037 575 1302 384 1301 
590 345 304 363 747 614 284 537 532 651 193 577 570 738 397 711 564 1010 348 1001 561 1290 388 1284 
594 345 296 366 740 546 233 568 667 640 232 603 573 730 385 712 574 1015 366 1012 573 1291 392 1291 
596 345 294 371 684 552 215 613 700 636 368 633 574 729 381 726 588 1021 389 1045 583 1301 396 1314 
595 339 296 375 633 521 224 643 701 610 451 642 568 730 377 732 584 1032 386 1064 583 1314 401 1325 
592 336 326 378 568 511 254 659 670 574 534 643 540 728 384 730 581 988 429 1054 580 1254 429 1319 
582 330 343 384 561 494 267 662 672 558 543 653 534 661 399 723 600 869 448 997 584 1122 457 1247 
587 330 343 384 594 497 256 646 705 561 495 675 537 673 399 728 594 917 433 1025 583 1163 446 1267 
627 336 338 376 671 541 225 615 713 612 427 673 568 693 399 727 657 945 437 1025 604 1190 439 1273 
648 343 335 364 731 558 215 552 690 623 297 669 576 709 384 726 632 1008 418 1027 599 1269 411 1278 
663 358 338 345 742 642 233 488 545 630 250 618 581 720 385 712 624 1039 383 1027 596 1301 396 1294 
651 374 353 334 694 674 289 481 415 629 256 542 574 724 387 694 539 977 300 875 522 1229 353 1200 
640 381 366 327 634 679 329 501 369 594 273 524 548 742 387 695 515 1026 324 956 495 1286 330 1223 
621 381 376 325 618 678 357 511 367 579 262 508 537 743 383 696 517 1048 334 1003 501 1313 336 1265 
620 378 370 327 625 666 333 484 389 579 253 505 540 760 386 706 532 1056 342 1026 510 1322 339 1289 
627 376 367 330 680 653 328 474 433 606 238 528 546 758 396 703 538 1047 339 1007 514 1318 347 1286 
635 366 339 334 729 593 254 485 596 623 235 593 563 757 387 707 552 1042 339 1018 534 1311 351 1291 
634 346 316 351 714 523 214 559 683 621 315 645 578 742 386 718 611 1039 422 1050 609 1313 418 1315 
616 341 314 369 637 507 219 615 679 584 409 656 574 719 381 720 611 1025 415 1050 615 1312 427 1312 
602 334 317 376 599 487 228 630 674 567 445 658 557 707 376 722 604 1015 405 1052 603 1293 416 1311 
596 335 319 375 605 500 227 622 689 574 430 667 554 709 376 733 602 1015 401 1069 593 1294 410 1331 
597 337 312 372 628 505 211 607 676 617 425 663 555 710 373 731 664 949 419 1017 589 1263 407 1327 
610 338 308 372 685 511 200 573 662 619 296 654 564 708 368 731 655 977 416 1020 585 1274 391 1321 
640 357 310 363 723 613 209 528 589 638 228 630 574 711 369 721 645 985 330 954 585 1261 378 1264 
646 365 319 350 720 642 228 493 518 632 213 584 578 715 377 709 612 1010 333 963 570 1275 364 1269 
644 372 337 342 708 661 280 473 459 629 224 540 577 716 386 691 555 1008 330 969 529 1275 350 1259 
646 379 351 336 703 667 292 465 453 632 224 537 573 716 398 680 534 1012 336 979 515 1284 350 1266 
652 379 348 337 723 657 282 477 494 646 212 552 574 716 399 684 544 1021 338 988 525 1297 354 1277 
652 377 339 339 739 632 260 488 594 650 218 579 576 721 389 700 547 1037 344 1016 542 1303 354 1287 
650 368 325 354 737 563 226 554 682 648 250 623 579 719 385 712 585 1036 394 1032 590 1303 403 1291 
648 355 321 362 730 544 223 588 708 637 327 653 579 717 384 716 604 1034 414 1033 605 1302 417 1294 
639 345 320 362 734 546 225 608 727 551 368 626 573 717 367 716 601 1027 413 1033 596 1299 397 1294 
634 340 319 361 730 548 227 615 727 515 351 574 569 709 365 713 589 1018 410 1032 585 1290 381 1287 
634 342 318 361 729 570 228 606 744 543 335 575 569 713 365 714 590 1020 402 1034 585 1291 381 1288 
635 342 318 361 726 573 230 602 718 598 302 571 569 715 366 715 588 1020 395 1034 581 1291 374 1286 
640 344 319 360 724 574 233 596 707 626 274 569 573 716 366 715 587 1016 385 1020 577 1284 371 1278 
643 349 319 359 724 575 234 593 699 636 260 568 579 715 366 711 587 1012 383 1013 579 1280 375 1272 
646 359 320 357 724 601 236 566 695 652 252 567 578 716 366 711 575 1020 368 1015 565 1288 368 1274 
647 369 320 358 724 620 240 563 693 666 248 570 578 719 366 711 573 1041 363 1031 563 1308 367 1293 
647 372 319 358 724 623 240 566 692 671 245 580 578 719 364 711 567 1043 358 1031 558 1311 365 1299 
646 373 317 359 722 623 238 585 691 671 247 583 576 718 361 710 564 1043 355 1030 554 1304 358 1293 
646 373 316 360 718 621 236 593 691 666 244 584 576 718 361 709 564 1040 356 1029 554 1296 356 1286 
646 373 315 361 717 619 235 602 692 669 243 587 574 720 360 709 564 1039 356 1030 551 1296 354 1286 
644 373 313 363 715 610 238 588 692 677 245 604 574 724 360 710 563 1042 354 1034 550 1298 351 1288 
642 373 310 366 714 615 239 598 686 681 247 610 574 725 360 713 567 1045 355 1042 554 1302 353 1295 
639 373 306 369 690 627 239 616 672 679 247 612 576 725 362 713 570 1044 357 1047 558 1307 356 1309 
634 373 302 369 671 627 239 619 654 676 238 611 575 721 363 713 569 1035 360 1047 558 1305 357 1307 
630 373 301 369 669 626 236 621 636 675 235 609 575 721 363 713 568 1032 361 1046 558 1302 359 1306 
629 372 300 369 667 625 236 617 631 674 237 608 575 719 363 713 567 1030 361 1046 558 1299 361 1304 
628 372 300 369 665 625 237 621 636 675 238 607 575 719 363 713 567 1030 363 1046 560 1299 365 1303 
628 372 300 371 664 625 238 623 644 676 238 607 574 719 363 713 567 1030 363 1045 561 1299 366 1303 
629 373 301 371 665 613 241 584 680 688 239 610 570 719 362 713 560 1034 354 1039 553 1300 359 1302 
629 371 301 372 667 613 240 587 697 686 239 612 569 718 362 712 562 1031 356 1039 559 1299 363 1302 
629 366 302 371 669 612 235 603 719 666 237 612 569 717 362 713 568 1028 364 1038 567 1297 368 1301 
629 364 302 372 684 592 234 591 742 650 231 613 569 717 363 713 580 1027 375 1040 582 1298 379 1301 
629 361 302 372 706 595 233 584 797 616 225 614 571 718 363 713 588 1028 375 1042 586 1303 379 1305 
630 360 303 371 711 605 235 567 811 598 223 614 574 719 363 713 590 1030 379 1044 589 1308 381 1309 
630 360 303 371 710 606 238 565 794 609 219 625 577 720 364 713 593 1032 382 1047 591 1313 386 1314 
630 362 303 374 684 602 238 564 786 652 220 633 578 715 367 711 592 1025 391 1042 591 1308 389 1311 
630 364 303 375 674 600 239 560 781 666 215 642 579 715 368 712 591 1025 393 1040 589 1308 388 1311 
629 364 303 376 669 599 237 573 776 665 216 645 577 716 367 713 584 1033 386 1048 579 1317 380 1317 
629 364 302 376 670 599 236 585 780 665 217 645 576 717 365 713 578 1042 377 1049 570 1325 366 1323 
629 364 302 376 672 599 236 587 783 664 220 651 576 720 365 716 576 1048 371 1054 566 1333 363 1328 
630 365 302 376 672 604 238 587 779 664 224 650 576 721 365 716 574 1053 368 1060 563 1337 360 1330 
631 366 303 376 672 604 242 577 762 665 229 648 576 722 366 716 574 1052 368 1057 563 1334 361 1328 
632 367 303 376 672 604 244 576 749 666 230 657 577 721 366 716 578 1052 378 1057 570 1327 371 1326 
634 369 303 376 685 616 244 592 759 709 238 658 577 723 367 718 581 1068 378 1076 570 1348 371 1351 
635 370 303 375 697 616 245 593 756 724 251 642 574 724 367 718 632 998 302 1005 576 1265 348 1288 
636 370 305 373 713 612 245 591 756 749 262 626 574 724 368 718 654 969 296 983 581 1238 349 1266 
638 370 310 370 725 613 243 591 740 766 272 616 574 724 368 718 642 974 303 971 583 1239 350 1258 
642 371 315 365 731 623 240 599 731 800 284 585 573 725 368 718 633 994 313 987 584 1255 354 1266 
645 371 324 358 730 629 237 601 729 809 286 562 572 724 369 716 602 1013 340 1015 571 1282 355 1292 
649 371 331 356 727 640 235 605 721 813 287 549 572 724 369 714 575 1043 352 1037 556 1314 352 1309 
658 375 336 354 726 650 235 605 724 824 299 547 572 725 369 713 571 1060 359 1054 551 1338 350 1328 
667 379 342 353 727 655 236 604 725 829 309 554 572 727 370 713 569 1062 363 1059 546 1343 348 1334 
679 384 349 354 727 659 243 604 726 836 319 562 573 737 371 719 572 1076 367 1074 547 1356 348 1351 
689 385 355 353 729 663 248 603 734 844 325 563 576 739 373 719 574 1079 371 1079 549 1361 348 1357 
696 389 361 353 731 668 254 603 740 853 334 564 578 739 374 719 573 1080 372 1078 547 1362 349 1355 
703 391 362 352 734 673 259 604 740 860 351 557 578 739 374 715 572 1085 371 1077 543 1363 348 1355 
709 393 366 351 737 672 266 601 744 855 354 553 580 738 375 712 568 1084 371 1074 532 1361 335 1351 
714 395 373 351 738 670 276 580 744 851 352 573 583 743 382 715 569 1090 373 1078 533 1369 337 1354 
717 396 374 353 742 667 284 572 746 849 347 607 585 744 388 719 574 1094 386 1080 535 1374 349 1355 
721 401 376 354 744 667 287 560 748 859 331 608 587 744 392 717 572 1091 384 1070 533 1370 342 1350 
721 402 378 354 744 667 293 563 748 874 314 607 590 746 394 718 570 1100 381 1070 529 1379 332 1352 
720 403 377 354 744 670 289 566 748 900 272 629 590 752 392 721 559 1112 372 1080 520 1399 325 1369 
718 404 377 353 745 670 287 530 740 908 207 660 588 747 391 706 548 1098 359 1061 512 1392 321 1359 
717 404 377 353 745 669 255 532 740 909 119 705 584 747 389 706 537 1100 346 1061 508 1397 316 1360 
713 404 374 356 745 669 216 539 740 902 65 733 583 747 386 705 533 1107 338 1067 497 1410 300 1377 
699 404 366 360 741 669 193 548 739 900 45 748 582 747 385 705 533 1106 336 1074 497 1413 299 1390 
685 401 354 362 732 667 187 558 721 897 44 764 578 747 382 706 525 1105 328 1075 490 1411 293 1389 
673 396 344 365 724 665 179 572 710 895 43 773 576 740 382 706 527 1086 306 1039 491 1387 308 1374 
663 391 336 365 717 660 172 574 705 887 35 758 574 738 379 706 530 1086 315 1049 495 1392 305 1381 
657 387 326 367 715 653 167 574 708 886 29 756 572 736 375 706 530 1093 319 1066 497 1400 302 1389 
652 385 319 368 712 650 166 575 701 876 46 763 571 734 373 706 531 1098 321 1078 499 1404 305 1395 
651 386 320 368 713 650 174 574 673 842 108 750 571 734 374 707 534 1094 321 1065 504 1391 315 1378 
653 386 318 371 714 651 202 581 588 810 271 744 571 735 375 715 536 1094 344 1070 511 1390 343 1378 
654 386 319 374 714 658 222 594 597 800 305 741 571 736 376 717 548 1094 360 1075 529 1390 362 1378 
653 385 320 375 714 656 235 595 618 802 311 740 571 737 376 721 554 1091 368 1078 532 1387 365 1378 
654 384 322 378 713 652 242 596 631 810 319 746 572 738 375 724 554 1093 370 1091 532 1396 358 1390 
655 384 323 379 710 647 245 597 641 814 326 758 572 736 376 724 559 1080 371 1090 530 1389 356 1387 
656 385 326 379 706 646 248 598 637 815 325 760 572 736 377 724 559 1088 371 1093 532 1394 362 1388 
660 386 331 379 705 647 248 598 644 817 327 761 573 740 378 728 558 1100 372 1100 533 1403 364 1392 
665 386 338 379 706 645 250 597 664 815 326 760 573 741 378 727 556 1100 371 1098 527 1403 362 1392 
671 388 341 378 705 646 251 596 667 816 325 762 574 745 378 729 554 1107 370 1100 520 1411 355 1395 
673 389 344 378 705 646 253 595 668 815 326 764 574 745 378 728 552 1101 366 1092 507 1409 331 1393 
674 389 344 378 705 646 252 596 668 814 332 764 575 744 378 728 554 1095 368 1091 507 1404 335 1392 
674 390 344 378 705 648 251 596 667 812 333 763 575 744 378 729 554 1095 368 1091 508 1404 335 1392 
674 391 344 377 705 656 249 596 641 807 328 730 575 750 377 731 554 1104 368 1100 509 1412 335 1401 
674 392 344 377 704 658 249 592 641 807 324 689 581 750 390 760 566 1100 376 1097 533 1401 362 1393 
673 392 345 377 704 653 250 585 643 805 321 679 587 749 405 774 590 1100 402 1097 569 1396 402 1389 
673 391 346 377 703 650 255 574 645 801 321 675 588 749 408 772 586 1098 405 1094 565 1393 407 1385 
672 392 347 377 703 649 265 559 645 796 323 685 588 749 406 767 568 1097 403 1090 543 1393 405 1384 
672 392 347 377 702 649 273 560 646 794 334 689 587 749 404 747 567 1093 399 1084 542 1392 395 1383 
672 391 347 377 702 649 277 561 647 796 340 690 588 748 402 739 569 1093 397 1084 544 1394 393 1384 
672 391 345 377 700 652 276 576 643 805 343 729 588 749 402 739 572 1108 398 1103 550 1409 397 1399 
669 390 342 378 697 652 275 592 654 818 347 761 587 750 397 739 569 1116 395 1110 547 1421 395 1410 
664 388 335 380 692 651 274 601 640 819 344 782 585 751 388 740 558 1130 380 1122 532 1434 378 1421 
660 384 331 380 690 650 272 604 632 820 343 790 583 752 387 744 554 1131 373 1124 526 1436 369 1423 
654 383 328 380 688 649 271 603 631 820 342 785 581 753 385 745 552 1129 370 1121 526 1434 368 1420 
649 382 325 381 687 647 267 603 628 819 341 784 580 753 383 745 553 1127 370 1119 526 1431 369 1418 
643 380 321 381 686 645 265 603 624 819 340 784 579 753 382 745 553 1126 371 1118 526 1430 369 1417 
638 377 316 382 684 645 263 604 624 819 340 784 579 753 382 745 553 1125 371 1118 530 1429 371 1416 
635 376 312 383 681 644 261 605 624 822 339 785 577 751 382 744 554 1122 372 1118 530 1425 373 1416 
631 375 310 383 679 643 259 607 625 822 339 784 577 744 381 734 549 1113 369 1114 524 1419 368 1415 
630 374 307 384 678 640 257 609 625 821 339 789 576 740 381 731 545 1100 362 1104 520 1401 360 1401 
630 374 306 385 677 640 256 610 625 821 339 788 576 735 381 722 544 1077 352 1090 514 1379 349 1387 
629 374 305 385 677 640 256 610 625 821 339 788 576 732 381 718 550 1051 332 1058 515 1342 348 1352 
629 374 302 387 677 639 256 610 626 820 338 787 576 732 381 717 550 1054 338 1064 515 1346 349 1356 
628 374 301 387 677 634 255 607 626 815 338 786 576 730 381 716 552 1049 341 1066 516 1346 350 1359 
628 374 301 387 677 633 255 606 627 812 337 786 576 729 381 717 548 1052 342 1067 515 1355 351 1368 
629 374 300 387 676 634 255 606 626 814 337 785 576 729 381 717 546 1055 344 1073 516 1362 351 1376 
629 374 300 387 676 634 255 605 632 810 337 784 576 730 381 718 544 1056 345 1075 515 1369 351 1377 
629 374 300 387 676 634 256 605 632 809 337 783 576 730 381 718 543 1058 346 1075 515 1375 351 1380 
629 375 300 387 676 634 256 604 632 811 337 783 576 730 381 718 540 1071 347 1082 513 1387 351 1388 
630 376 301 387 676 635 256 603 632 811 336 783 576 730 381 718 537 1075 348 1083 513 1388 351 1389 
631 377 301 387 676 636 256 603 632 811 336 786 575 730 381 719 533 1076 347 1083 511 1388 350 1389 
632 378 301 387 676 636 256 603 634 812 336 786 575 730 381 719 531 1078 345 1085 510 1389 347 1390 
632 378 301 387 676 636 256 604 633 812 336 788 575 730 381 719 531 1080 345 1086 510 1389 347 1390 
632 378 302 387 676 636 256 604 633 812 336 790 575 730 381 718 530 1081 344 1086 510 1387 348 1390 
633 378 305 386 676 638 256 604 634 814 335 790 575 730 382 716 531 1085 345 1087 516 1388 351 1390 
636 379 305 386 675 641 257 604 633 819 335 792 575 730 382 716 532 1087 345 1087 520 1386 354 1386 
639 380 305 386 676 643 259 604 632 819 335 793 576 730 382 714 534 1083 346 1080 526 1370 356 1371 
641 382 306 386 676 645 260 604 631 821 335 794 576 730 382 714 534 1082 344 1079 526 1368 355 1370 
642 382 308 385 676 645 260 604 629 821 335 794 576 730 382 715 534 1084 344 1079 526 1371 355 1371 
642 383 308 385 676 646 260 604 628 821 335 794 576 730 382 715 537 1093 348 1085 526 1381 356 1379 
643 384 308 385 676 649 260 604 627 825 335 794 576 730 382 715 536 1092 345 1084 525 1380 354 1378 
644 385 308 385 675 650 260 604 626 827 336 793 575 730 382 715 536 1089 341 1079 524 1376 352 1374 
645 385 308 385 675 651 259 604 626 827 336 793 575 731 382 715 535 1086 336 1077 522 1374 348 1371 
646 385 309 385 675 651 259 604 628 827 336 793 576 729 382 715 538 1076 335 1066 522 1361 346 1359 
646 385 309 385 676 651 259 604 629 823 336 793 576 729 382 715 544 1056 330 1047 522 1338 346 1336 
646 385 309 385 676 650 260 604 632 818 336 793 576 728 382 715 545 1059 331 1050 524 1342 347 1340 
646 385 310 384 676 651 260 604 634 818 336 792 577 728 383 717 550 1060 337 1053 527 1345 350 1344 
647 385 310 384 676 651 262 604 634 818 336 795 577 728 384 717 550 1061 338 1055 527 1347 349 1346 
647 384 311 384 677 650 263 604 640 816 335 796 577 724 386 716 549 1058 335 1050 526 1343 347 1341 
647 382 311 383 677 649 265 604 644 816 335 798 577 723 386 716 546 1059 336 1052 526 1345 347 1343 
647 379 312 383 677 645 265 605 647 815 334 799 577 722 387 716 546 1059 342 1053 529 1346 351 1343 
646 377 312 383 678 643 266 610 646 815 335 802 577 723 388 720 546 1066 345 1061 532 1350 357 1350 
645 377 311 383 679 643 267 611 644 819 336 802 577 724 388 722 546 1070 347 1063 534 1352 360 1351 
641 376 310 384 679 642 267 612 643 819 336 804 577 724 388 723 549 1070 352 1064 540 1352 365 1351 
637 375 306 384 679 642 268 613 639 819 335 807 577 723 388 722 547 1070 351 1064 540 1354 365 1353 
636 375 302 386 679 641 268 613 636 815 338 807 577 723 388 724 556 1059 353 1058 551 1340 375 1342 
634 375 299 386 679 640 268 613 635 813 340 807 577 723 387 724 556 1059 353 1059 549 1341 374 1343 
634 375 298 387 680 640 268 615 635 813 340 810 576 723 387 722 554 1059 350 1062 544 1348 368 1352 
633 375 298 387 681 640 269 617 635 813 337 814 576 723 387 722 553 1065 350 1071 538 1363 365 1369 
633 374 298 387 682 640 271 621 634 813 336 819 576 722 388 722 553 1065 351 1073 536 1366 364 1373 
633 374 299 387 682 640 271 620 634 806 335 817 576 722 389 722 553 1067 355 1077 536 1371 366 1376 
632 374 299 388 681 640 271 620 634 810 335 817 576 724 389 725 553 1094 360 1097 536 1401 369 1393 
632 374 299 389 681 636 271 620 634 805 335 816 576 724 389 726 550 1092 359 1095 528 1396 365 1390 
631 375 299 391 678 636 271 620 633 808 335 813 576 725 386 725 546 1091 359 1095 522 1393 362 1389 
630 375 299 391 677 635 271 620 633 808 334 814 575 724 386 725 545 1091 359 1094 521 1395 362 1390 
630 375 298 391 677 635 271 620 634 808 334 814 574 722 386 723 543 1084 358 1091 520 1388 361 1386 
629 375 298 390 677 635 272 620 635 810 334 814 574 721 386 721 543 1074 358 1086 520 1379 361 1382 
629 375 298 390 677 635 272 620 637 812 334 814 574 720 386 721 543 1073 360 1084 520 1376 363 1379 
627 375 298 390 677 632 272 618 637 811 334 811 574 721 386 724 546 1080 364 1086 524 1383 370 1381 
626 375 298 390 677 632 272 617 636 813 334 811 574 721 386 724 545 1081 364 1086 524 1383 369 1381 
625 375 298 390 677 631 271 617 631 807 334 811 574 722 386 725 549 1086 368 1090 529 1390 375 1385 
622 375 297 390 677 629 271 617 613 784 334 810 574 723 386 725 548 1086 365 1090 528 1392 373 1385 
621 375 297 390 676 613 271 616 613 757 334 808 573 721 386 722 548 1083 361 1085 530 1390 372 1381 
620 374 297 390 670 607 270 612 605 755 334 799 574 722 386 722 551 1084 363 1087 538 1391 374 1382 
619 374 296 390 664 601 270 611 600 759 334 800 573 722 385 719 551 1084 364 1087 539 1391 376 1381 
618 373 296 390 660 603 270 611 593 764 335 800 573 722 384 720 551 1086 364 1088 539 1392 375 1383 
618 372 295 389 659 603 270 611 595 767 336 800 573 720 385 719 551 1085 364 1087 539 1392 375 1382 
617 372 295 389 657 604 270 611 596 779 336 801 573 720 385 717 553 1085 366 1088 543 1392 377 1385 
617 372 294 389 657 604 270 611 596 787 336 802 573 720 385 717 553 1085 366 1089 542 1393 377 1387 
616 372 293 389 656 605 270 612 596 787 337 802 573 719 385 717 553 1085 368 1089 543 1393 378 1388 
615 371 292 389 655 606 270 612 595 787 337 802 573 720 384 717 553 1085 369 1089 543 1393 379 1389 
615 371 292 389 655 606 269 612 595 787 337 802 573 724 384 726 553 1090 369 1092 543 1395 379 1389 
615 371 292 388 654 606 269 611 595 791 336 801 573 724 384 726 553 1090 369 1092 543 1395 379 1389 
615 371 292 388 654 606 269 611 594 794 336 801 573 723 384 725 552 1088 369 1091 542 1394 378 1389 
615 370 292 388 654 606 269 611 594 794 335 801 573 725 384 726 553 1089 370 1091 542 1394 379 1389 
615 370 292 388 653 606 269 610 594 793 334 798 573 725 384 726 553 1089 369 1091 542 1394 379 1389 
615 370 292 388 653 606 269 610 595 794 334 798 573 725 384 726 553 1089 370 1091 542 1394 379 1389 
615 370 292 387 653 606 269 609 596 793 334 797 573 725 384 727 553 1089 370 1091 542 1394 379 1389 
615 370 292 387 653 607 269 609 595 793 333 797 573 726 384 726 553 1088 370 1091 542 1394 379 1389 
615 370 292 387 653 607 269 610 595 793 333 799 573 726 384 728 554 1088 372 1091 543 1394 379 1391 
615 371 292 388 653 608 268 611 596 794 333 799 574 727 384 731 556 1089 374 1093 545 1395 380 1393 
615 371 292 388 653 609 268 611 596 794 332 798 574 728 384 731 556 1090 374 1095 545 1397 380 1396 
615 371 292 388 653 609 268 611 596 795 331 799 574 729 384 732 558 1092 375 1097 548 1399 383 1398 
615 371 293 388 653 609 268 611 595 795 331 799 574 730 384 732 559 1093 375 1098 551 1400 385 1399 
615 371 293 388 653 608 268 611 595 794 331 799 574 729 385 731 560 1092 376 1097 554 1400 387 1399 
615 371 293 388 653 608 268 611 597 794 330 799 574 729 385 731 560 1092 376 1097 553 1400 387 1400 
615 371 293 388 653 609 268 611 596 794 330 800 574 729 385 731 560 1092 376 1097 553 1400 387 1400 
615 371 293 388 653 609 269 611 597 794 330 799 574 729 385 730 561 1092 376 1097 555 1400 387 1400 
615 371 293 387 653 609 268 610 598 793 329 799 574 728 385 727 561 1088 376 1092 553 1397 387 1397 
615 371 293 387 653 609 268 610 599 793 329 798 574 728 386 726 561 1087 378 1091 553 1395 387 1396 
615 371 293 387 653 609 268 610 599 793 330 798 574 728 386 727 561 1087 378 1091 553 1395 387 1396 
615 371 293 387 653 609 267 609 599 793 330 797 574 728 386 727 561 1087 378 1091 553 1395 387 1396 
615 370 292 387 653 608 267 608 598 792 330 796 574 728 386 727 561 1087 379 1091 554 1395 388 1396 
615 370 292 387 653 608 267 608 598 792 331 797 574 728 386 728 562 1087 381 1091 554 1396 390 1397 
615 370 292 387 652 608 267 608 598 792 331 796 574 729 386 731 562 1090 381 1094 554 1398 390 1398 
615 370 292 387 652 608 266 608 598 792 331 796 574 729 386 731 562 1091 381 1094 554 1398 390 1398 
615 371 292 388 652 608 266 608 598 792 331 795 574 730 386 732 562 1092 381 1095 554 1398 390 1398 
615 371 292 388 652 608 266 607 598 793 331 795 574 730 385 731 561 1092 380 1095 554 1398 389 1398 
614 371 292 388 652 608 266 607 599 794 331 795 574 730 385 732 561 1092 379 1095 552 1399 387 1399 
614 371 292 388 652 609 266 608 598 794 331 796 574 730 386 730 561 1092 379 1095 553 1400 387 1399 
614 371 292 388 652 609 266 607 598 795 331 796 574 731 386 730 561 1092 379 1095 553 1400 387 1399 
614 372 292 387 652 609 266 607 598 795 331 795 574 731 386 730 561 1093 378 1095 552 1401 387 1400 
614 371 292 387 652 609 266 608 598 795 331 796 574 731 386 731 561 1093 378 1095 553 1401 387 1400 
614 372 292 387 652 610 266 608 597 795 331 795 574 731 385 731 561 1094 377 1096 552 1401 386 1400 
614 372 292 387 652 610 266 608 597 794 332 795 574 730 385 730 561 1093 376 1096 552 1401 385 1400 
614 372 292 387 652 610 267 608 597 793 333 795 574 730 385 729 561 1093 376 1096 553 1401 385 1400 
614 372 292 387 652 610 267 609 597 794 333 797 574 731 385 731 561 1094 376 1097 553 1402 385 1401 
614 372 292 387 652 610 267 609 597 794 333 798 574 731 385 733 561 1095 376 1098 553 1403 386 1402 
614 372 292 387 652 610 267 609 597 794 332 798 574 729 385 732 559 1094 373 1098 551 1403 383 1402 
614 372 292 387 652 611 267 610 597 794 333 799 574 729 385 731 559 1094 373 1097 551 1403 383 1402 
614 372 292 387 652 611 267 610 597 794 333 800 574 728 385 730 559 1093 373 1097 551 1402 383 1401 
614 372 292 387 652 611 267 610 597 795 333 801 574 728 385 730 559 1093 372 1097 551 1403 383 1402 
614 372 292 387 652 611 267 610 597 795 334 801 574 728 385 730 559 1093 372 1097 551 1403 382 1402 
614 372 292 387 652 611 267 612 597 795 335 802 575 728 385 730 560 1093 372 1099 552 1403 383 1403 
614 372 291 387 652 611 268 613 598 795 335 803 575 728 385 730 560 1093 372 1099 552 1403 383 1403 
614 372 291 387 652 611 268 614 597 795 337 804 575 728 385 732 560 1094 372 1100 552 1404 383 1404 
614 372 291 387 652 610 268 614 597 791 337 802 574 726 385 730 557 1090 372 1096 549 1401 381 1402 
614 372 290 388 652 610 268 615 597 791 338 804 575 725 385 730 557 1090 374 1096 550 1401 383 1402 
614 371 290 389 652 610 268 617 597 790 339 804 575 725 386 729 559 1090 375 1096 553 1401 386 1402 
614 371 290 389 652 610 268 617 596 790 339 805 575 725 386 729 559 1090 375 1096 553 1401 386 1401 
614 371 290 389 652 610 268 617 596 790 339 804 575 723 386 728 559 1087 376 1093 554 1398 387 1399 
614 371 290 389 652 610 268 616 596 789 338 800 575 722 386 727 559 1084 377 1090 555 1395 388 1397 
614 371 289 389 651 610 268 616 597 789 338 800 575 722 386 727 559 1085 377 1090 555 1395 389 1397 
614 372 289 389 650 610 268 614 597 789 338 796 575 722 386 727 558 1083 377 1087 554 1394 387 1394 
614 372 289 390 650 610 268 613 600 788 338 796 574 721 386 725 557 1082 377 1086 553 1392 387 1393 
614 372 289 390 650 610 268 613 600 788 338 797 574 720 387 724 557 1080 377 1083 553 1389 388 1390 
614 372 289 390 650 609 268 611 603 787 338 795 574 719 387 723 557 1078 377 1082 553 1388 388 1388 
614 372 289 391 649 609 268 610 604 787 338 795 574 718 387 723 557 1078 377 1081 553 1388 388 1388 
614 372 289 391 649 610 268 610 603 787 338 795 574 718 388 722 557 1077 376 1080 552 1388 388 1388 
614 372 289 392 649 610 268 610 603 786 338 794 574 717 388 722 557 1076 377 1080 554 1387 389 1388 
614 372 289 392 649 610 268 610 602 786 338 795 574 715 388 721 557 1074 376 1078 554 1386 389 1386 
613 371 289 391 650 610 268 610 601 786 335 795 574 715 388 721 557 1074 376 1078 554 1386 389 1386 
613 370 289 390 649 610 268 610 597 786 334 798 573 715 388 721 558 1075 378 1078 555 1384 393 1383 
612 369 288 391 650 609 268 611 596 786 333 803 574 715 388 721 566 1074 385 1078 564 1381 403 1381 
612 366 286 390 650 608 268 611 596 785 332 806 574 715 388 722 568 1074 386 1078 567 1377 405 1377 
611 363 286 390 653 602 268 611 594 779 332 806 574 717 388 725 571 1073 389 1078 573 1373 410 1375 
611 361 286 389 663 602 265 608 585 757 333 791 574 716 387 723 571 1065 389 1070 572 1361 408 1363 
611 360 287 387 685 601 254 608 609 680 329 748 575 723 387 726 581 1066 393 1071 583 1360 411 1363 
611 357 289 381 701 613 239 613 644 595 303 627 576 721 384 724 589 1024 387 1041 590 1300 402 1312 
610 350 292 374 728 616 221 629 665 534 281 552 572 721 377 721 582 1025 374 1039 589 1296 387 1304 
609 342 292 371 750 620 213 633 677 507 269 502 576 720 377 721 612 1011 366 1011 611 1277 386 1287 
607 335 294 364 758 616 213 634 662 473 276 469 578 721 377 721 606 1018 382 1021 611 1286 398 1298 
608 332 296 355 754 610 210 633 650 453 289 450 579 721 376 721 603 1022 385 1027 609 1293 400 1307 
607 330 297 352 753 601 205 632 608 451 315 447 579 720 376 720 604 1017 387 1030 610 1281 402 1306 
606 331 297 354 763 599 194 631 602 459 315 456 580 718 377 718 604 1016 390 1028 608 1278 404 1302 
606 332 298 356 780 598 176 631 604 463 306 465 581 716 377 718 608 1019 396 1029 616 1285 408 1306 
605 332 297 356 797 594 161 616 638 474 276 488 581 710 378 716 614 1019 403 1031 627 1289 420 1307 
605 333 299 357 796 582 164 579 661 480 253 502 580 710 378 716 612 1021 402 1032 623 1291 419 1308 
604 333 299 358 786 547 165 551 683 491 238 508 580 710 377 714 603 1017 392 1024 609 1287 401 1298 
603 335 297 361 781 526 171 542 675 521 234 556 579 711 371 716 598 1017 379 1026 596 1288 388 1300 
603 342 296 367 768 529 173 544 685 619 209 629 564 726 362 727 567 1055 364 1061 561 1340 368 1343 
603 346 295 375 750 534 181 547 696 671 226 719 563 726 363 728 566 1073 366 1076 556 1372 369 1374 
604 348 295 379 731 540 200 560 697 722 234 684 564 724 364 728 573 1065 390 1071 561 1361 393 1364 
604 351 295 380 712 571 235 580 690 770 291 697 567 728 376 729 587 1069 403 1077 583 1365 420 1364 
604 352 298 382 701 584 249 600 687 777 340 685 574 727 396 731 604 1068 419 1080 609 1362 443 1365 
606 355 301 381 699 591 244 603 687 781 340 679 575 722 396 726 604 1050 420 1064 607 1353 441 1358 
612 362 301 381 696 609 241 606 677 797 355 744 574 722 392 725 576 1062 408 1073 567 1368 416 1375 
617 366 302 381 691 615 244 611 677 816 347 778 574 722 391 725 570 1072 405 1080 561 1377 410 1383 
621 367 303 382 690 620 247 618 675 818 348 788 574 723 393 727 571 1080 404 1088 564 1385 410 1390 
622 367 303 385 688 620 252 623 673 818 347 789 575 722 395 727 571 1081 404 1090 565 1386 415 1393 
622 367 303 386 690 620 253 627 674 819 344 798 576 722 395 727 569 1084 399 1094 558 1392 407 1397 
623 368 301 388 689 622 252 629 674 820 342 803 576 723 391 730 565 1093 392 1102 551 1402 396 1405 
623 368 297 389 686 622 250 630 671 822 337 805 575 724 389 732 564 1094 392 1105 550 1406 392 1410 
623 368 295 391 685 621 249 630 670 820 335 806 574 726 389 736 565 1099 392 1111 553 1412 393 1416 
622 369 292 393 685 623 249 631 670 821 332 807 574 728 387 738 564 1105 391 1117 552 1418 392 1423 
622 369 291 392 685 624 248 630 669 822 332 806 573 730 385 738 564 1106 388 1118 552 1419 391 1424 
622 369 290 393 685 624 248 629 668 821 330 806 573 731 384 738 564 1104 389 1117 553 1416 391 1422 
622 369 289 393 685 624 248 629 667 819 328 806 573 731 384 738 565 1102 390 1115 553 1414 392 1420 
622 369 289 393 685 623 248 629 667 817 327 808 573 731 384 738 565 1101 389 1114 553 1413 392 1418 
621 369 288 393 684 623 249 629 667 816 327 809 573 730 384 736 565 1100 389 1114 554 1412 393 1418 
621 369 288 393 684 623 250 629 666 815 327 808 573 730 384 736 565 1099 389 1113 554 1411 393 1417 
620 369 287 392 684 623 251 628 666 815 325 808 573 730 384 734 565 1098 389 1112 556 1411 394 1416 
620 369 287 392 684 623 252 628 665 814 323 812 573 722 384 727 565 1084 389 1097 556 1399 394 1405 
619 368 287 392 684 623 252 628 667 816 319 812 573 720 384 725 565 1081 389 1093 556 1396 395 1402 
617 368 287 390 684 623 253 628 667 815 317 816 572 718 385 724 565 1080 388 1089 556 1392 396 1396 
614 367 287 389 684 622 253 627 667 815 314 815 571 718 385 724 565 1080 388 1089 556 1392 395 1396 
611 366 287 389 683 620 253 626 667 815 310 818 571 717 386 724 565 1080 387 1089 557 1392 395 1396 
611 366 287 388 683 620 253 626 667 815 309 818 571 716 386 723 565 1080 385 1088 557 1393 395 1394 
610 366 287 388 683 619 254 625 666 815 308 818 571 714 386 722 565 1081 385 1087 559 1392 396 1391 
609 365 287 388 683 618 254 625 667 814 307 819 571 711 387 720 565 1076 385 1081 561 1386 398 1388 
608 365 286 388 683 618 254 622 667 814 307 819 571 708 387 718 566 1073 385 1077 563 1381 398 1384 
608 364 286 388 683 616 254 622 667 814 306 819 571 706 387 715 567 1066 387 1072 565 1374 400 1380 
608 364 286 388 683 616 254 622 667 814 306 819 572 702 388 713 568 1063 388 1069 568 1371 403 1376 
608 364 286 388 682 616 254 620 667 814 305 819 571 702 387 712 568 1063 387 1067 568 1370 402 1374 
607 364 286 388 682 616 254 619 666 813 305 817 571 703 387 712 568 1066 386 1068 568 1370 401 1375 
607 364 286 388 683 616 254 619 666 813 305 817 570 704 386 713 567 1068 385 1068 568 1371 400 1375 
608 365 286 388 683 616 254 618 666 813 305 817 570 707 385 713 567 1068 384 1069 566 1372 397 1373 
608 366 286 388 683 616 254 619 666 813 305 816 569 709 385 714 567 1073 384 1072 567 1374 397 1373 
609 366 287 388 683 617 254 621 666 813 305 817 569 710 384 715 566 1075 383 1074 566 1376 397 1375 
609 367 287 388 683 617 254 622 665 813 305 818 569 711 384 716 566 1077 383 1077 566 1377 397 1375 
611 368 287 388 683 619 254 624 664 814 305 818 569 713 384 717 566 1080 382 1078 566 1378 396 1376 
611 369 287 388 683 619 254 624 662 814 306 818 568 714 383 717 565 1081 381 1078 565 1379 396 1376 
612 369 287 388 683 620 254 626 660 814 308 817 568 715 383 718 566 1085 381 1084 567 1383 398 1380 
612 369 287 388 683 620 253 626 661 815 308 817 568 715 383 719 566 1087 381 1087 567 1384 398 1381 
612 369 287 389 681 620 253 629 681 806 308 821 568 713 383 719 566 1085 378 1085 568 1382 396 1378 
612 369 288 389 678 588 254 629 691 768 308 820 568 713 382 719 566 1080 378 1082 567 1377 395 1372 
613 369 288 389 678 591 254 631 720 701 309 818 568 715 381 720 566 1079 376 1082 567 1374 391 1370 
614 370 288 389 678 595 255 635 735 687 308 818 568 715 379 720 568 1074 376 1080 570 1367 392 1368 
615 371 290 388 680 599 255 635 729 709 308 818 569 719 379 721 565 1081 374 1081 566 1375 387 1368 
615 371 291 387 678 595 255 633 723 708 309 816 569 717 379 720 564 1078 374 1077 566 1374 387 1367 
615 371 292 387 677 585 255 628 719 717 310 816 569 716 380 719 561 1078 374 1076 564 1374 386 1367 
615 370 292 387 677 588 255 623 697 765 310 816 571 714 382 718 561 1075 375 1072 564 1374 386 1367 
613 370 290 387 678 601 255 623 675 795 312 817 572 712 384 714 561 1071 377 1063 564 1371 391 1362 
610 370 288 387 678 612 254 623 667 806 312 819 572 709 384 712 560 1068 376 1063 563 1367 392 1363 
609 369 287 387 678 615 254 623 661 817 312 817 569 708 383 712 560 1068 377 1064 563 1367 393 1363 
609 368 286 387 678 616 253 623 658 820 312 816 568 710 383 713 560 1071 377 1070 563 1368 397 1367 
608 368 286 388 679 616 253 623 662 810 312 817 568 708 384 713 560 1069 379 1070 560 1367 396 1367 
609 368 286 388 679 616 253 623 664 806 312 817 569 707 387 713 565 1064 386 1070 561 1366 398 1369 
610 368 286 389 678 615 253 623 674 790 312 818 570 706 387 713 565 1064 380 1070 561 1361 391 1365 
611 368 286 389 677 605 253 624 689 770 312 817 571 705 387 713 565 1062 377 1069 561 1355 386 1361 
611 368 286 390 677 592 254 626 702 750 311 815 571 701 387 712 570 1055 378 1066 567 1348 388 1356 
611 367 285 390 678 582 254 626 714 727 312 813 569 701 386 712 570 1051 378 1059 567 1344 388 1344 
611 367 285 391 678 576 255 627 721 677 311 807 567 707 382 713 568 1052 376 1059 566 1342 388 1341 
611 366 285 391 683 566 255 627 697 661 311 799 565 706 378 712 568 1043 378 1049 567 1334 392 1331 
611 367 285 391 707 573 255 629 694 663 311 795 563 700 378 705 569 1041 378 1046 568 1328 394 1331 
611 368 285 392 718 584 255 633 718 666 312 794 559 704 375 706 566 1046 377 1048 557 1330 382 1333 
612 373 286 393 727 612 256 633 717 671 312 794 559 709 374 706 564 1055 371 1056 554 1337 378 1338 
613 373 286 393 748 610 256 637 729 666 312 794 561 710 374 706 569 1061 374 1063 557 1346 378 1345 
616 375 287 393 784 619 256 637 741 652 311 795 566 717 375 717 578 1075 380 1077 563 1359 381 1357 
619 376 287 394 831 631 256 642 740 634 311 807 571 716 379 717 586 1073 391 1077 571 1360 392 1360 
620 376 287 395 833 627 256 644 755 619 311 810 577 720 383 722 593 1082 397 1090 579 1373 397 1376 
620 375 288 395 821 617 256 646 748 608 311 813 578 721 385 725 591 1092 396 1097 579 1383 396 1385 
617 370 288 395 806 599 256 648 760 604 296 820 578 721 387 724 591 1089 402 1094 581 1380 405 1383 
610 366 289 394 763 559 257 647 761 605 301 820 571 716 387 721 590 1084 401 1093 581 1379 410 1381 
608 365 290 393 719 539 257 638 760 614 306 814 568 713 385 719 577 1076 401 1083 576 1371 409 1375 
607 364 291 392 723 534 257 633 762 619 307 810 567 712 385 717 568 1076 394 1081 568 1371 401 1375 
607 363 291 391 718 533 257 629 760 629 308 806 566 710 384 716 566 1070 393 1074 568 1367 401 1369 
607 362 292 391 709 534 257 629 760 641 309 806 564 709 384 714 563 1065 390 1068 564 1361 401 1360 
607 361 292 391 711 538 257 629 758 659 309 804 564 707 383 712 561 1060 389 1060 563 1355 400 1352 
607 362 292 390 714 541 257 629 758 645 310 800 561 708 378 713 561 1060 388 1062 561 1353 392 1351 
607 362 292 390 715 541 257 629 762 636 310 800 561 708 377 712 561 1060 386 1061 557 1348 386 1347 
607 362 292 390 714 540 257 629 762 633 310 800 560 709 376 713 560 1060 383 1060 551 1346 379 1345 
607 361 292 390 715 538 257 629 761 627 311 799 560 709 374 713 560 1060 382 1060 550 1345 379 1344 
607 361 292 390 715 539 257 629 759 625 311 799 560 708 374 713 561 1057 383 1058 550 1342 380 1343 
607 362 292 390 716 540 257 629 759 625 311 798 560 708 373 713 559 1056 382 1056 548 1341 379 1341 
607 362 292 390 715 540 257 629 759 620 311 798 560 708 373 713 559 1056 381 1056 548 1340 379 1340 
607 362 292 390 715 543 257 629 747 616 311 797 560 710 372 713 558 1057 378 1058 548 1341 379 1341 
607 361 292 390 715 550 258 630 738 617 311 797 560 712 373 714 558 1061 378 1065 552 1347 384 1347 
610 362 295 390 713 550 258 627 739 634 314 796 560 711 373 714 558 1061 378 1064 552 1347 384 1347 
615 363 299 388 713 550 256 613 741 636 314 783 558 711 371 712 551 1060 374 1059 542 1345 379 1345 
619 363 305 386 716 535 253 589 747 638 287 750 559 711 371 710 551 1057 374 1054 543 1341 379 1342 
620 364 309 382 727 536 253 551 750 632 239 683 563 708 373 704 552 1033 374 1031 548 1304 379 1304 
623 366 312 379 730 537 254 550 744 624 217 657 564 708 372 700 553 1028 362 1017 547 1291 372 1293 
624 368 314 379 737 547 253 545 734 622 225 650 566 708 371 700 556 1031 363 1024 551 1299 372 1298 
627 369 313 378 741 559 247 555 729 628 237 645 569 708 371 700 577 1033 348 1015 566 1302 376 1304 
627 367 315 375 743 551 227 580 731 616 254 576 570 708 372 700 582 1018 370 1014 576 1281 380 1284 
637 367 317 372 772 581 219 618 732 617 286 540 582 708 379 704 590 1022 377 1015 580 1289 380 1291 
641 371 322 372 816 602 218 622 722 601 284 559 581 712 382 706 599 1023 377 1015 578 1293 379 1291 
652 371 332 370 817 601 229 597 657 563 290 589 590 715 399 710 649 811 355 852 606 1179 428 1209 
657 370 342 369 793 593 257 558 579 545 270 605 589 718 397 710 632 909 354 916 592 1201 390 1220 
659 371 343 369 772 591 266 553 554 543 227 611 588 718 395 711 629 902 332 894 589 1215 392 1233 
657 371 340 368 764 589 264 557 546 548 178 685 588 712 395 710 707 744 215 732 591 1012 382 1054 
655 372 339 369 748 594 243 622 509 549 156 784 587 704 398 709 688 917 236 892 578 1225 382 1233 
655 374 331 370 735 604 231 644 524 553 171 777 587 703 399 710 707 749 197 755 585 1031 406 1059 
654 379 323 379 734 618 220 655 516 567 157 787 586 707 400 714 714 769 238 822 584 1056 421 1106 
652 379 315 383 736 622 211 664 528 583 173 748 588 706 403 714 780 635 199 743 589 911 465 932 
647 379 311 384 733 623 215 658 528 601 175 733 589 705 406 714 773 633 188 736 589 899 477 889 
639 378 307 386 733 623 216 653 528 612 183 715 589 705 406 714 698 826 287 852 588 1146 456 1174 
635 378 305 386 732 625 219 648 529 615 188 696 589 704 407 714 623 994 335 954 583 1300 406 1295 
630 376 298 391 731 628 212 668 526 619 192 696 593 702 409 713 638 936 340 933 591 1258 410 1273 
627 376 297 393 733 630 205 677 524 617 237 634 593 702 409 713 625 999 359 972 591 1304 399 1304 
624 375 295 395 736 634 187 705 525 620 246 627 594 703 409 715 613 1032 367 1033 595 1318 399 1326 
621 372 293 395 737 631 190 696 524 619 245 627 595 703 411 716 623 991 354 986 595 1300 400 1312 
620 372 291 395 739 629 192 689 527 618 241 638 595 702 411 716 629 997 353 990 599 1306 401 1316 
617 370 290 395 740 625 195 685 528 614 240 635 595 700 411 715 632 980 351 975 602 1291 412 1304 
616 369 291 394 742 622 195 678 529 615 239 639 595 698 412 713 638 972 352 972 603 1279 444 1291 
615 369 291 395 742 622 197 677 528 617 239 628 598 697 413 712 641 981 361 966 610 1291 438 1300 
614 369 291 397 742 622 197 678 527 617 251 627 600 697 413 712 653 974 373 954 623 1285 440 1295 
613 368 291 396 742 622 213 650 527 617 248 629 602 695 417 711 663 954 371 931 627 1274 446 1293 
613 368 291 394 744 624 218 634 527 624 163 760 602 683 419 702 803 632 186 744 602 912 544 935 
613 368 292 394 750 625 218 639 528 630 134 795 602 680 419 698 746 784 232 824 612 1084 509 952 
613 368 290 394 751 627 217 641 533 631 132 791 602 691 416 698 650 948 294 915 618 1263 496 1220 
611 368 288 394 750 633 214 644 536 633 128 811 602 709 416 713 632 945 314 961 623 1285 491 1283 
611 368 288 395 745 638 213 646 539 637 135 794 605 720 417 722 635 948 315 965 624 1286 488 1283 
610 368 287 396 744 638 211 647 542 640 141 785 605 723 417 726 636 890 300 959 616 1234 494 1238 
610 367 287 396 744 641 213 641 543 643 145 774 606 724 419 725 627 943 319 971 622 1282 489 1286 
610 367 286 396 741 642 214 636 545 644 164 739 606 724 417 727 629 1025 346 1014 628 1332 468 1333 
609 366 285 398 739 642 211 655 545 643 217 673 606 723 416 728 631 1016 362 993 630 1317 461 1318 
607 365 284 405 737 643 197 685 534 645 242 621 605 723 412 729 620 1048 366 1040 629 1344 444 1344 
606 365 283 405 737 652 195 695 530 645 243 637 604 722 410 729 615 1057 361 1044 623 1343 434 1340 
607 366 282 405 736 660 196 687 530 652 223 704 603 722 403 751 612 1071 355 1040 620 1359 437 1351 
606 366 282 404 734 658 196 683 539 666 241 696 603 723 417 746 607 1044 333 1027 613 1340 441 1338 
606 366 282 404 733 658 199 667 535 663 196 762 604 718 422 735 619 956 320 976 606 1264 478 1302 
605 365 282 404 731 652 208 649 535 662 179 814 606 716 428 727 636 938 303 976 600 1239 494 1283 
604 364 282 404 731 645 214 638 535 660 180 806 606 710 428 717 646 938 308 973 596 1233 502 1279 
601 363 282 403 729 638 218 612 537 659 143 785 606 710 428 716 662 915 299 966 586 1210 507 1259 
595 361 279 397 729 635 218 574 547 667 107 722 605 710 416 743 628 1032 374 1051 601 1319 474 1329 
561 354 256 388 713 613 163 536 559 672 35 703 589 693 403 705 615 1022 400 1033 603 1293 462 1319 
519 343 223 378 677 544 119 508 564 671 12 686 567 665 383 685 738 688 299 903 536 1045 485 1180 
463 324 184 376 613 445 86 493 610 635 10 649 528 624 355 661 772 637 200 783 409 726 514 832 
408 310 142 378 552 411 66 492 642 528 17 638 503 617 343 660 765 655 188 777 449 777 533 768 
365 304 107 378 509 431 50 499 579 574 24 638 459 590 316 643 758 613 204 795 448 781 488 789 
335 300 82 379 449 457 37 498 482 591 20 636 436 572 303 644 624 579 327 807 468 852 607 687 
309 304 75 376 374 455 33 494 411 568 18 626 410 569 294 644 511 443 253 792 465 742 576 679 
299 307 77 360 428 398 24 492 454 408 16 629 401 591 278 660 384 389 294 770 383 744 572 835 
293 309 79 336 408 405 19 492 458 446 10 630 387 594 274 656 346 395 308 739 344 742 372 867 
290 305 79 320 416 404 20 485 463 479 12 631 368 579 259 639 348 388 305 703 359 723 347 792 
296 299 82 314 383 419 27 476 422 495 15 629 342 573 229 627 357 381 222 742 369 678 319 763 
303 296 86 297 367 425 32 465 410 542 17 627 341 577 228 629 376 379 215 720 371 684 328 730 
300 296 89 298 357 428 35 465 394 549 17 627 329 578 218 628 382 375 301 675 365 632 345 785 
301 293 91 299 358 433 38 464 395 558 15 627 316 554 211 604 398 378 297 640 364 614 384 798 
294 290 93 296 346 431 38 461 382 535 13 628 305 543 203 593 411 383 343 619 368 601 385 805 
292 287 93 292 331 431 39 461 382 515 14 627 292 533 191 583 414 400 357 623 365 614 395 805 
291 285 94 291 326 430 40 461 360 513 14 626 276 533 175 575 419 411 340 600 336 627 398 757 
293 285 93 293 324 432 40 463 347 513 15 626 274 540 163 578 420 421 166 527 307 645 381 682 
294 286 94 295 326 432 41 463 353 516 15 621 275 538 162 562 430 434 153 525 273 646 370 664 
295 287 91 296 322 436 36 463 360 519 14 619 282 542 165 569 445 469 141 522 245 637 374 657 
295 288 92 297 322 438 36 458 362 533 15 616 278 544 162 561 445 507 139 534 212 636 374 651 
296 290 92 297 322 441 37 459 365 557 18 616 279 543 161 555 441 527 132 542 193 642 374 663 
296 290 92 298 321 437 37 459 352 554 20 614 279 538 159 549 431 545 130 545 188 644 375 676 
297 290 92 298 321 437 37 459 353 552 21 615 278 538 156 550 429 558 127 547 187 646 376 681 
297 290 92 299 322 434 37 460 356 551 22 615 276 539 153 552 429 580 129 550 185 647 370 685 
297 290 91 299 323 435 34 460 371 553 22 615 275 540 154 554 430 622 137 554 194 645 369 688 
298 290 88 302 325 435 33 463 376 556 22 615 276 542 154 555 430 624 133 563 198 644 355 688 
298 290 86 303 326 433 32 465 378 557 22 616 277 542 154 556 430 613 115 572 189 646 353 689 
300 290 85 305 329 433 32 466 379 559 22 618 277 543 152 557 429 603 112 572 185 649 344 690 
301 290 84 306 333 433 32 467 379 563 22 619 276 545 151 558 428 608 110 571 176 649 331 691 
302 290 84 306 333 433 33 468 378 563 22 621 276 545 150 557 428 610 102 568 178 648 326 691 
302 290 84 307 332 434 33 470 374 564 22 622 275 546 150 557 430 614 100 574 183 648 327 689 
303 291 86 307 328 433 33 470 371 564 22 623 275 547 151 557 436 623 99 579 185 647 330 689 
303 291 89 306 319 431 33 470 360 534 22 622 274 550 151 561 439 627 102 590 187 649 333 689 
306 291 93 306 315 429 34 468 361 519 22 618 274 550 152 565 439 629 105 602 188 649 335 689 
313 291 98 306 317 426 34 466 361 509 22 618 274 550 152 566 439 631 101 619 189 650 332 689 
320 299 103 305 335 433 37 452 359 514 20 595 276 551 156 566 440 634 91 623 189 658 330 692 
322 304 108 304 349 436 43 445 353 519 21 568 276 551 158 566 442 632 83 633 189 661 329 692 
326 313 110 304 364 461 46 445 345 546 24 541 277 554 158 566 450 633 69 633 190 664 330 691 
330 320 115 305 364 477 47 446 340 583 45 531 276 558 157 570 438 649 74 642 199 683 345 701 
335 324 118 305 361 484 52 452 335 600 62 533 276 569 158 579 438 656 79 650 201 701 349 701 
341 329 122 308 359 492 65 477 326 604 102 571 277 583 158 590 448 655 72 670 205 702 337 702 
347 331 127 309 359 493 79 483 323 608 118 586 278 584 158 588 450 663 62 656 204 704 283 707 
352 332 130 310 360 495 80 486 320 612 115 592 280 580 158 586 458 659 63 651 204 691 284 699 
354 334 132 312 359 499 80 488 317 615 111 596 282 578 158 586 463 659 62 651 204 679 286 691 
356 335 135 313 362 500 80 488 316 617 108 598 282 577 159 584 463 659 62 654 203 677 273 695 
359 336 139 313 365 502 84 487 316 618 109 599 284 576 161 583 465 659 61 656 203 676 282 683 
359 338 142 313 366 501 87 488 316 617 110 603 285 576 162 582 464 659 60 655 205 687 285 691 
358 338 141 315 366 498 87 489 317 616 111 604 286 575 163 582 462 661 60 656 203 695 284 701 
357 338 142 315 367 497 87 488 317 616 110 603 286 575 164 582 458 661 59 655 203 695 286 687 
357 338 144 315 366 497 88 488 316 617 110 603 286 575 164 581 457 662 59 655 202 697 280 681 
357 338 145 315 366 497 89 488 316 616 109 603 286 575 165 581 455 662 58 656 201 701 280 683 
358 338 146 315 366 498 89 488 316 615 109 603 286 575 166 580 451 664 55 655 198 713 276 711 
358 338 148 315 366 498 89 488 316 615 109 603 286 575 167 579 451 665 54 655 195 709 278 711 
358 337 149 315 367 498 90 487 316 615 109 602 287 575 168 579 450 667 52 655 189 708 269 712 
358 337 151 314 367 498 91 487 316 615 110 602 288 577 168 579 449 671 52 655 189 715 257 718 
358 336 151 313 367 498 91 486 316 616 110 602 288 577 168 578 449 671 52 655 190 716 254 718 
358 336 151 311 367 498 91 484 316 616 110 602 288 577 168 576 447 671 53 654 190 719 244 721 
358 335 152 310 367 498 92 482 316 616 110 602 288 575 168 575 447 671 53 654 191 717 250 719 
358 335 152 310 367 498 92 481 316 615 110 602 287 575 168 575 447 670 53 654 191 717 249 721 
358 335 152 310 367 499 92 481 316 615 110 602 287 575 168 574 446 670 52 654 190 716 250 720 
358 335 151 310 367 499 92 480 316 615 110 602 287 575 168 574 446 671 52 654 189 716 252 720 
358 335 152 309 367 499 92 480 316 614 110 602 287 575 167 574 446 670 52 653 188 715 254 719 
358 335 152 308 367 499 86 479 315 614 110 602 286 576 167 575 446 670 52 653 188 721 249 730 
358 335 152 306 367 499 65 470 315 614 113 577 286 580 166 578 446 672 51 651 183 704 263 731 
358 335 152 304 367 499 43 448 315 614 113 517 290 583 168 580 446 671 54 634 171 690 290 709 
357 335 154 297 367 499 27 412 317 613 148 420 288 582 170 574 446 669 74 581 172 678 298 697 
356 335 161 284 366 493 24 368 319 607 190 351 289 576 175 556 446 659 94 492 179 661 299 675 
353 334 167 277 366 493 29 341 320 606 234 323 289 576 178 555 446 660 126 430 180 660 268 673 
352 336 172 277 367 493 43 344 320 606 260 351 278 582 177 556 444 660 154 417 178 659 233 681 
354 335 178 279 376 488 75 353 320 605 278 395 278 589 180 558 443 660 155 425 178 659 228 685 
357 339 180 281 377 492 133 372 322 601 280 444 277 589 180 557 434 660 170 434 178 661 227 687 
360 344 182 283 377 497 157 409 322 599 259 534 278 589 179 557 435 658 196 442 195 663 218 681 
365 345 186 283 376 502 153 431 320 601 246 585 278 588 179 556 436 663 179 436 201 664 204 673 
368 346 187 284 376 505 149 436 319 601 244 593 278 588 179 555 438 664 164 438 200 663 203 673 
369 346 188 285 377 505 145 434 316 602 243 591 279 587 178 552 436 663 175 443 196 662 209 676 
369 346 187 285 377 505 145 432 315 602 243 582 279 587 178 552 435 662 167 452 191 662 212 677 
369 346 186 285 377 505 138 420 315 601 243 569 279 589 177 554 435 662 163 455 202 662 202 676 
369 346 187 286 377 501 126 397 318 600 224 559 280 589 178 554 437 663 159 442 210 666 199 673 
368 346 186 285 377 488 95 391 329 585 190 543 276 589 177 553 431 662 171 424 194 660 201 673 
366 345 182 286 376 478 51 395 353 557 82 543 276 593 178 560 435 662 167 427 185 661 212 685 
364 344 170 287 372 473 33 404 386 553 -5 561 276 593 172 562 436 660 165 431 172 661 229 687 
361 339 162 291 370 461 42 404 404 527 -32 503 277 592 168 562 436 652 164 432 161 661 234 689 
352 328 153 294 370 443 52 407 413 529 -16 513 276 585 163 561 432 641 163 434 156 662 237 693 
342 318 140 295 356 437 58 413 396 528 -8 526 274 580 159 560 426 641 163 435 156 662 238 695 
337 309 132 296 346 436 62 416 387 529 5 534 275 579 160 559 425 641 163 436 158 662 239 695 
325 302 119 301 346 432 68 427 388 527 20 553 275 578 160 560 426 640 162 433 159 662 240 695 
310 294 105 303 326 433 69 434 387 522 24 561 275 573 160 560 426 641 162 431 160 662 240 695 
297 286 97 303 313 426 67 437 372 518 21 563 277 567 161 558 426 649 164 431 156 662 238 694 
290 288 93 303 312 422 67 436 369 520 25 564 282 564 164 557 427 651 165 428 154 676 238 692 
287 292 94 300 298 423 68 436 341 521 25 565 282 563 164 556 427 644 168 423 152 681 237 691 
289 290 100 297 298 426 74 434 342 523 28 564 281 563 164 555 426 639 177 430 148 689 231 693 
289 289 104 292 304 420 81 433 343 523 30 562 281 554 163 541 418 633 178 460 142 690 171 730 
290 286 106 286 306 417 85 430 343 525 31 561 281 539 167 533 421 634 211 566 154 681 131 747 
290 283 107 285 306 416 87 430 340 525 32 561 281 534 170 530 422 637 206 562 153 671 137 754 
290 283 108 285 306 418 87 430 340 527 32 561 281 535 171 530 422 638 206 559 153 668 142 752 
289 283 109 285 306 419 86 429 338 527 31 560 281 535 171 530 423 638 221 597 153 669 145 753 
288 284 109 284 303 420 87 428 334 527 31 560 281 533 171 528 424 638 231 613 152 671 153 759 
285 284 109 284 303 421 87 428 334 528 31 560 280 533 171 527 424 638 235 625 152 673 143 756 
285 284 108 284 303 421 87 427 332 528 31 559 279 532 171 527 426 642 237 603 144 677 170 754 
283 283 109 284 298 421 88 426 326 527 31 559 278 531 172 527 428 649 261 619 148 679 170 753 
278 282 112 284 294 414 96 426 324 517 32 559 278 519 176 518 427 649 262 641 156 686 158 751 
272 283 117 288 283 415 100 426 333 508 31 559 282 516 184 515 426 649 271 561 153 698 234 750 
267 285 119 290 274 418 103 426 322 504 31 559 284 516 190 516 426 650 275 563 155 703 235 745 
268 285 114 290 280 418 101 426 344 507 32 558 288 516 189 517 430 649 281 525 166 709 286 732 
273 285 106 290 298 418 90 425 333 509 31 558 286 518 180 518 429 649 271 515 150 704 263 746 
278 293 106 294 301 428 91 426 334 521 31 554 279 519 176 518 428 645 259 576 153 674 169 740 
282 297 108 298 303 431 94 427 336 524 34 553 278 526 175 522 427 643 215 529 154 661 155 726 
284 296 108 300 309 431 94 428 344 527 34 553 279 532 174 527 427 642 190 523 155 665 138 710 
284 295 103 299 314 428 82 428 346 530 30 554 280 532 173 527 430 644 205 530 157 662 143 714 
282 290 102 296 313 427 81 426 344 531 28 554 278 530 171 526 433 649 227 530 149 665 193 735 
280 287 102 296 309 425 83 428 364 528 27 557 278 526 171 524 443 649 261 530 149 665 219 739 
278 287 105 296 298 426 86 430 376 526 27 558 280 521 172 522 441 647 260 520 148 665 249 739 
277 287 105 296 298 426 86 431 400 527 27 559 282 520 172 522 425 624 259 524 146 678 265 741 
279 285 105 296 300 420 86 431 365 501 27 559 280 517 168 522 328 589 234 527 158 690 290 735 
284 285 108 296 309 416 87 430 364 504 28 558 280 513 166 522 300 559 231 496 201 724 274 706 
293 284 111 296 327 413 88 430 368 511 31 557 280 513 167 522 278 519 232 506 287 723 292 709 
301 284 113 296 354 412 88 428 384 522 33 556 280 514 166 523 313 432 231 487 322 720 310 700 
302 285 114 296 349 412 88 428 379 523 34 556 285 522 166 528 321 380 231 451 382 652 308 700 
302 286 114 297 357 421 87 428 383 545 34 556 286 532 165 536 328 384 231 446 377 651 291 684 
303 290 114 299 361 435 86 430 393 569 34 556 287 544 165 545 336 382 240 435 373 653 288 683 
303 293 114 301 372 438 86 433 417 565 34 557 289 548 166 553 343 378 244 426 364 655 297 684 
307 298 114 306 376 454 85 439 424 586 34 560 293 561 169 564 351 379 263 420 357 651 301 682 
309 305 114 314 372 451 85 445 412 573 33 561 299 570 178 573 377 381 271 410 372 652 300 678 
313 315 115 320 374 459 84 451 415 573 31 565 304 580 185 583 401 381 274 401 370 654 300 674 
318 325 117 332 370 463 84 462 403 578 27 568 311 593 194 600 424 393 282 403 381 655 298 677 
328 341 119 346 389 477 83 474 441 584 23 571 324 608 205 616 457 394 278 414 395 664 270 696 
328 359 122 359 398 484 83 484 436 591 18 573 334 623 213 631 476 404 274 420 382 678 271 710 
334 368 134 372 389 499 86 487 434 595 15 574 348 634 230 651 467 442 258 423 399 698 296 722 
336 372 142 381 385 508 91 485 438 595 16 573 359 634 239 656 462 459 224 434 401 717 297 748 
334 373 148 376 388 501 98 480 405 566 16 573 358 643 249 664 472 474 203 436 421 706 299 741 
331 365 144 375 386 494 98 481 322 567 16 573 360 636 244 661 488 478 182 437 406 721 275 752 
330 360 144 371 378 487 97 479 291 558 18 572 359 634 239 659 472 471 162 439 399 730 265 744 
330 361 138 374 405 487 97 483 315 550 19 572 361 636 239 662 525 459 130 440 397 721 249 740 
329 365 137 383 400 498 93 501 258 552 19 572 369 642 247 665 534 447 112 448 432 732 227 740 
328 366 136 387 404 494 94 508 305 569 74 558 376 645 254 667 569 447 83 463 429 726 206 743 
324 365 131 388 411 493 123 513 347 563 157 543 375 642 256 668 563 448 53 482 429 720 206 747 
321 364 122 386 407 492 147 508 347 566 216 523 372 639 254 665 562 440 40 500 435 715 199 750 
316 364 119 384 405 480 155 492 394 533 268 505 369 637 251 664 576 437 41 497 433 714 188 749 
314 363 119 383 401 480 91 491 392 536 217 510 368 634 252 663 574 426 42 493 430 713 195 748 
315 364 119 382 414 466 83 493 449 452 199 520 367 634 252 660 569 421 50 488 427 712 196 746 
316 364 122 383 424 467 81 493 479 491 73 531 366 634 251 658 561 414 64 480 422 711 198 745 
316 365 122 384 428 428 84 493 502 375 26 551 362 634 246 658 525 416 86 473 422 711 230 785 
319 365 125 384 422 434 86 487 465 410 20 561 360 630 237 646 458 416 159 459 395 710 234 779 
322 364 123 377 412 441 86 478 413 394 18 564 359 630 218 643 384 417 215 450 386 777 254 779 
323 364 121 372 401 444 85 478 364 385 15 567 354 631 206 643 362 418 212 452 378 786 259 778 
321 369 116 370 387 449 81 476 377 410 21 567 345 630 201 639 388 416 186 452 374 736 254 777 
320 371 114 379 387 474 81 491 407 450 58 571 345 633 206 640 416 414 113 462 377 720 228 784 
317 371 114 379 389 472 81 490 443 450 130 540 347 621 216 639 486 413 31 546 396 718 214 842 
317 370 114 380 397 471 67 516 450 476 46 606 345 613 216 638 551 415 8 625 434 713 205 855 
318 370 115 380 405 470 68 516 467 482 21 608 345 607 217 637 583 424 12 631 447 710 207 859 
319 369 115 380 412 468 64 520 457 480 22 613 345 607 217 637 576 424 4 620 448 711 183 868 
321 366 121 380 436 435 70 507 537 428 119 572 355 609 241 637 549 406 26 572 440 708 244 849 
323 364 123 379 413 456 80 477 512 505 38 571 355 622 239 643 470 405 164 484 409 707 255 810 
323 364 124 378 400 450 84 474 480 442 23 569 354 626 225 640 431 405 186 499 458 730 273 797 
323 364 121 378 392 442 83 477 440 414 17 568 354 637 222 644 414 405 200 506 411 720 279 789 
323 364 119 377 392 438 80 478 447 410 13 568 355 636 221 644 437 404 216 465 407 714 270 792 
311 365 106 379 387 438 77 479 442 414 19 568 357 635 228 645 448 388 180 451 409 701 265 763 
300 357 91 380 391 425 62 485 443 415 21 564 358 627 227 645 452 381 162 438 462 696 252 754 
286 349 79 381 392 413 60 491 449 396 17 566 357 626 227 649 448 378 156 427 474 698 259 749 
267 345 76 382 342 437 61 491 449 396 18 562 353 611 227 653 447 378 153 427 449 685 344 707 
272 344 65 390 354 454 58 500 438 397 17 558 361 613 227 664 450 381 157 440 446 701 433 701 
276 341 65 390 358 453 59 499 434 402 18 559 372 614 230 665 468 384 158 446 445 738 442 707 
284 333 69 393 361 444 59 504 458 402 16 559 386 616 245 670 531 405 157 523 432 775 450 721 
288 315 72 394 361 398 60 506 468 389 17 570 404 612 271 668 568 424 123 591 445 763 417 777 
315 313 73 395 421 441 53 547 545 631 12 615 398 611 269 668 575 420 81 630 444 759 397 776 
342 315 74 395 495 437 51 546 606 584 12 638 398 614 263 674 548 431 72 683 433 792 305 865 
367 318 75 387 539 427 52 543 642 596 16 640 398 614 263 674 535 433 80 724 405 825 307 878 
405 320 81 367 613 422 51 483 634 624 29 640 400 611 260 677 504 432 207 790 469 799 415 853 
414 321 85 359 625 423 49 463 636 639 46 637 399 611 258 683 503 432 220 800 498 790 396 851 
410 329 85 355 605 470 45 534 614 618 43 744 389 610 251 688 505 430 226 754 445 784 521 738 
414 339 80 359 617 515 55 565 741 668 48 746 388 611 251 707 495 428 278 810 436 780 571 723 
431 349 72 361 637 552 54 558 813 688 46 728 388 615 246 704 490 447 289 769 446 801 561 734 
425 360 71 393 597 567 30 574 786 703 36 717 387 632 243 713 481 476 290 763 522 766 596 716 
449 391 69 443 653 628 22 598 734 790 34 716 406 669 227 708 483 577 151 853 498 819 276 890 
454 405 59 442 666 597 -4 579 765 835 32 740 412 657 209 689 485 724 160 820 484 825 238 857 
459 446 46 460 662 670 -1 622 733 861 41 796 415 695 203 714 448 1009 215 1012 477 1176 262 1200 
467 475 48 492 656 686 29 607 653 849 42 807 428 736 208 743 444 1063 232 1058 463 1272 264 1289 
466 488 50 500 659 693 28 617 648 860 49 773 441 753 212 755 448 1061 248 1045 463 1280 277 1295 
473 490 109 503 683 704 94 615 694 861 120 736 470 796 258 780 454 1120 293 1100 465 1364 299 1381 
481 480 124 509 693 697 101 606 766 885 95 736 480 779 270 787 480 1108 306 1116 498 1362 314 1399 
496 481 153 492 715 694 132 585 762 888 88 737 501 808 296 797 489 1113 320 1108 519 1386 316 1406 
524 474 160 489 744 703 127 562 776 921 82 741 510 814 315 793 490 1043 300 1042 515 1299 323 1309 
532 445 172 463 745 695 134 554 840 912 79 741 516 802 330 743 590 1020 333 1018 561 1257 366 1322 
540 399 185 430 741 592 144 559 883 760 79 749 510 752 334 736 637 871 377 1008 598 1225 406 1315 
570 389 204 407 794 573 153 560 844 768 80 750 523 723 344 732 650 829 379 997 613 1214 420 1299 
584 375 219 395 831 514 163 561 926 750 81 752 532 700 351 733 688 587 400 864 599 941 462 1058 
597 357 241 390 827 437 175 561 951 580 84 752 537 704 358 734 645 963 397 1055 592 1301 450 1370 
613 348 258 388 839 420 184 564 994 506 88 751 544 705 362 738 624 1089 393 1125 591 1430 439 1450 
631 343 279 389 886 441 183 589 810 614 82 750 581 763 373 748 621 1127 382 1150 583 1456 388 1474 
635 348 295 387 879 477 190 592 726 641 59 746 586 771 382 769 617 1122 388 1135 578 1448 377 1459 
645 349 310 383 860 519 215 586 687 658 76 708 590 768 385 749 610 1113 389 1116 577 1431 373 1443 
660 351 318 380 828 568 219 595 698 729 163 712 586 755 385 740 607 1120 387 1122 576 1430 375 1443 
672 353 328 379 793 588 223 598 708 756 292 713 601 770 390 738 605 1110 400 1117 584 1412 398 1428 
684 354 336 381 771 601 251 629 707 781 353 790 603 764 403 746 607 1121 411 1133 588 1438 409 1451 
697 357 354 382 761 618 284 665 727 807 357 855 598 751 409 771 605 1135 413 1145 587 1462 408 1476 
708 363 364 382 758 624 295 675 751 812 355 874 599 740 415 782 609 1140 422 1151 586 1472 408 1485 
726 379 382 390 759 642 297 680 807 853 330 906 600 742 421 781 615 1170 425 1180 593 1506 411 1511 
744 401 390 423 762 646 293 695 829 890 294 919 609 779 430 841 629 1207 446 1217 611 1539 431 1543 
760 422 400 445 764 652 299 706 838 925 281 964 615 788 431 859 628 1205 442 1229 606 1521 426 1523 
786 471 412 458 791 641 295 695 836 936 275 950 627 876 426 890 625 1243 436 1260 586 1549 404 1537 
808 490 423 477 898 655 297 692 934 919 271 964 660 884 443 895 638 1245 454 1257 613 1533 432 1521 
814 523 437 499 915 669 298 700 927 826 268 968 671 890 450 931 648 1304 458 1320 615 1609 430 1603 
829 546 449 501 938 702 299 720 916 729 267 1003 697 953 461 960 651 1351 456 1363 611 1658 428 1649 
838 545 468 494 923 759 302 710 896 868 266 1006 705 970 468 976 656 1375 455 1392 610 1692 427 1693 
838 541 450 503 964 725 305 710 950 868 263 1015 712 971 470 974 675 1381 469 1398 632 1717 432 1720 
830 527 442 493 961 708 302 706 952 876 256 1007 706 971 478 988 680 1387 477 1403 638 1732 433 1731 
828 517 436 487 940 712 303 700 933 924 271 992 697 951 474 960 673 1363 476 1374 634 1705 420 1702 
829 511 423 473 931 739 304 698 924 982 284 983 693 941 454 956 650 1349 452 1356 594 1699 392 1690 
822 448 401 462 845 692 305 705 923 943 316 978 651 816 436 904 632 1312 428 1321 582 1683 380 1673 
807 426 391 447 814 690 306 705 897 951 311 973 652 837 426 881 629 1303 423 1307 580 1671 378 1667 
770 409 371 428 789 681 306 700 871 936 309 949 620 794 405 866 621 1285 412 1290 578 1665 375 1663 
740 399 361 416 773 662 305 689 838 908 304 917 607 803 395 858 614 1274 403 1276 576 1663 372 1661 
717 391 352 408 764 646 304 682 816 867 308 904 593 781 389 850 605 1260 393 1263 572 1654 366 1652 
702 384 338 407 757 633 303 675 782 851 306 892 594 783 398 821 608 1243 396 1247 578 1633 367 1631 
692 384 334 408 751 636 298 667 789 853 302 892 596 796 399 834 611 1247 398 1252 590 1627 381 1629 
691 388 328 407 753 630 298 661 790 855 294 894 601 800 406 830 612 1251 398 1255 591 1628 382 1629 
697 393 330 404 760 631 296 661 782 861 294 886 612 840 402 830 609 1253 386 1258 585 1631 373 1629 
699 395 331 404 765 648 296 662 780 890 293 889 613 809 403 832 607 1256 383 1260 580 1637 369 1634 
703 397 333 405 765 655 296 662 778 897 293 891 614 797 403 835 608 1257 382 1261 580 1639 370 1634 
706 398 335 404 766 666 296 662 775 910 294 894 626 847 403 837 608 1259 382 1262 579 1640 368 1634 
707 399 336 405 766 675 296 669 773 916 302 896 634 868 404 850 608 1267 384 1268 578 1646 369 1642 
708 399 337 405 766 679 297 672 777 925 305 896 636 874 404 857 608 1271 384 1272 576 1648 368 1646 
708 399 340 404 766 682 298 674 777 932 304 896 635 877 404 860 602 1273 381 1273 567 1650 362 1647 
709 399 344 403 766 682 300 675 778 939 306 896 635 879 405 863 601 1276 381 1276 565 1652 362 1648 
717 403 351 403 765 686 309 676 780 944 307 909 637 887 406 869 601 1283 381 1281 565 1655 362 1650 
722 404 357 401 765 686 320 676 780 940 320 908 639 882 410 865 601 1281 382 1275 566 1652 363 1642 
729 410 360 401 764 700 322 711 779 937 458 696 638 894 405 881 601 1281 382 1275 566 1639 363 1636 
732 409 365 395 765 699 324 716 783 937 513 551 644 899 405 889 610 1281 386 1278 574 1637 368 1636 
736 409 369 393 764 703 338 718 784 936 505 508 650 897 406 890 618 1281 397 1278 582 1635 381 1633 
737 407 371 392 764 705 344 717 785 944 506 488 652 897 407 891 618 1280 398 1278 582 1634 381 1632 
737 405 372 389 765 705 344 715 794 956 498 484 652 895 407 890 618 1280 399 1279 582 1634 381 1632 
738 404 375 386 765 704 343 715 797 955 491 494 652 894 423 866 618 1278 399 1276 582 1632 381 1629 
738 404 377 386 765 705 336 714 797 952 493 508 651 890 427 846 616 1271 397 1269 578 1628 378 1622 
737 405 379 386 765 704 313 709 795 942 505 542 648 890 426 840 613 1270 392 1265 575 1625 372 1620 
734 408 377 386 766 703 292 693 795 925 495 659 643 904 414 889 612 1287 391 1288 572 1645 371 1647 
731 410 377 390 766 690 293 680 805 927 449 837 638 902 410 889 608 1289 390 1291 570 1654 364 1657 
730 410 374 392 766 684 295 673 815 929 363 866 637 894 408 886 607 1289 390 1291 570 1654 364 1656 
726 409 370 394 765 672 296 672 816 914 334 884 626 845 406 876 605 1283 390 1283 570 1653 364 1655 
722 408 365 398 765 670 297 671 817 916 310 890 624 842 406 876 604 1282 390 1283 569 1652 364 1654 
720 408 356 401 765 671 298 671 816 917 308 900 623 836 407 874 604 1281 390 1282 571 1652 364 1653 
715 407 348 406 764 671 298 674 814 918 320 914 621 835 406 874 604 1281 391 1282 572 1652 367 1654 
712 406 342 408 763 671 300 675 810 918 302 914 619 831 411 833 604 1277 390 1278 572 1651 367 1651 
709 406 336 409 762 671 300 675 799 915 302 903 617 820 407 838 604 1268 389 1267 574 1648 368 1646 
705 406 332 409 761 668 300 675 792 912 301 906 614 811 405 841 605 1263 389 1261 575 1643 369 1641 
703 406 328 411 760 668 299 677 791 917 310 902 613 791 403 842 605 1259 388 1259 576 1640 369 1640 
700 406 327 412 756 668 298 679 790 919 304 908 612 780 402 843 605 1254 388 1257 578 1638 370 1639 
698 405 327 412 754 665 297 679 789 920 305 906 612 777 402 844 606 1254 390 1257 584 1637 378 1639 
697 404 326 412 750 664 297 679 786 919 307 903 621 818 401 844 606 1251 390 1255 585 1632 378 1636 
694 404 324 413 746 664 297 679 780 917 310 901 626 823 401 839 606 1243 389 1248 584 1624 378 1629 
694 404 323 415 746 663 297 679 780 915 308 903 620 778 401 836 606 1240 390 1244 584 1620 381 1626 
693 404 323 419 745 663 297 684 780 915 309 917 615 758 413 773 605 1232 390 1239 584 1614 383 1625 
692 404 322 419 744 662 297 684 780 913 295 919 612 753 412 774 604 1230 390 1238 584 1612 384 1624 
692 405 322 421 743 662 297 688 776 918 296 927 609 746 415 753 603 1227 392 1234 582 1607 385 1619 
691 405 322 421 741 662 298 688 776 920 286 929 603 740 415 745 597 1217 391 1222 578 1593 385 1606 
688 405 322 423 741 660 299 690 777 916 290 938 601 735 416 742 597 1212 391 1220 578 1585 387 1602 
688 405 322 424 740 658 299 693 777 916 292 934 601 742 416 752 597 1215 392 1222 576 1587 387 1602 
688 404 322 424 739 658 299 697 776 915 310 932 600 745 416 756 597 1217 392 1224 575 1586 387 1598 
689 405 322 424 738 666 298 697 776 920 312 930 600 747 416 758 592 1216 389 1223 569 1580 383 1590 
690 405 322 424 739 667 298 700 785 923 312 940 614 825 414 828 592 1223 390 1235 569 1581 384 1590 
690 405 322 424 741 669 299 701 789 924 308 943 618 833 414 789 592 1223 390 1236 569 1583 384 1593 
694 406 326 424 742 670 300 700 789 924 305 941 619 844 412 834 590 1226 388 1237 565 1585 380 1594 
697 407 328 423 743 673 301 700 788 925 304 939 620 847 410 844 586 1229 384 1238 558 1585 374 1595 
700 408 332 419 744 674 302 694 781 924 303 931 617 780 411 784 583 1222 381 1226 555 1575 367 1580 
702 408 336 415 746 674 302 684 782 923 301 922 617 765 414 768 584 1220 382 1223 556 1573 367 1577 
702 406 336 415 765 665 302 685 814 914 296 926 617 832 409 833 585 1226 386 1233 561 1575 375 1578 
698 394 335 414 788 636 302 686 902 843 297 928 610 778 409 786 594 1220 395 1232 579 1569 389 1577 
697 375 335 416 825 587 302 691 959 760 312 932 602 752 408 769 592 1206 394 1226 578 1550 386 1567 
691 349 335 417 836 519 303 694 997 631 331 933 594 737 408 754 593 1176 399 1204 581 1514 391 1534 
685 343 331 419 851 506 302 698 1036 619 347 937 588 741 407 755 592 1174 399 1201 580 1512 390 1531 
682 342 329 419 856 496 303 699 1048 571 349 937 587 736 407 751 592 1174 398 1201 580 1512 387 1531 
680 345 328 419 855 492 303 699 1060 555 346 935 588 741 406 751 593 1177 399 1201 579 1517 386 1531 
680 344 327 419 857 500 303 699 1052 576 344 934 588 735 406 751 595 1165 402 1190 580 1500 387 1516 
679 346 327 419 851 507 303 697 1046 593 342 930 588 734 406 748 595 1162 402 1186 580 1495 387 1510 
679 348 326 419 847 518 303 694 1028 675 341 925 588 732 406 744 595 1156 403 1182 580 1487 389 1506 
679 351 326 418 846 546 303 693 931 772 337 921 589 733 408 746 608 1154 414 1177 594 1487 411 1508 
683 373 327 418 822 603 306 690 905 783 322 920 590 734 410 747 607 1154 413 1174 593 1487 407 1509 
685 388 330 413 807 637 307 686 835 867 308 919 591 733 411 745 604 1155 411 1176 585 1489 407 1511 
688 392 333 412 794 647 307 686 838 877 304 919 593 742 406 799 598 1169 406 1179 577 1504 401 1519 
694 397 339 412 792 653 307 684 845 893 298 918 594 746 411 772 592 1178 402 1179 568 1511 393 1523 
699 400 343 412 792 660 307 684 849 895 295 918 594 749 413 764 590 1181 402 1180 565 1515 393 1525 
700 401 345 412 792 661 307 684 848 897 295 918 595 752 408 805 590 1186 403 1185 566 1519 394 1530 
702 401 346 412 792 661 306 684 851 899 297 918 596 757 412 793 590 1186 405 1185 566 1519 396 1530 
703 402 346 413 790 659 305 684 842 893 298 916 596 757 408 805 590 1186 405 1185 566 1519 396 1530 
703 401 347 413 788 658 305 684 839 886 299 916 596 757 410 784 590 1186 405 1186 566 1518 396 1530 
703 401 346 415 785 657 305 685 837 888 300 917 596 755 407 797 591 1181 406 1184 570 1514 401 1528 
702 401 346 416 783 654 305 685 833 887 302 917 596 755 408 775 592 1179 406 1182 572 1511 403 1525 
699 397 346 417 779 653 305 686 834 883 306 917 596 756 410 768 595 1175 408 1179 581 1504 409 1518 
696 395 346 417 775 649 305 687 834 872 306 917 595 756 411 766 596 1173 409 1178 583 1501 410 1516 
695 395 346 417 772 649 305 687 836 874 306 917 595 755 407 792 600 1172 412 1179 589 1500 413 1515 
692 395 345 417 768 649 304 687 837 873 308 916 595 755 409 777 600 1171 413 1178 588 1498 413 1514 
690 394 345 417 765 648 305 687 837 873 309 915 595 755 409 768 600 1169 413 1176 589 1496 414 1511 
689 393 345 418 760 645 305 687 838 873 309 916 595 755 410 766 600 1169 414 1176 589 1496 413 1511 
689 394 345 420 758 644 305 687 841 872 309 916 595 745 411 763 601 1164 414 1170 590 1489 415 1505 
689 394 345 420 758 643 305 686 841 872 311 916 594 741 412 761 601 1162 414 1168 590 1489 415 1504 
689 393 345 420 759 644 306 687 839 871 313 916 594 738 413 758 601 1160 415 1167 590 1488 414 1505 
690 393 347 420 759 644 306 685 840 872 310 916 595 742 417 760 603 1160 418 1167 593 1488 420 1505 
692 395 348 419 759 646 308 685 838 878 309 918 596 747 417 757 603 1160 418 1168 593 1488 421 1503 
693 396 349 419 760 648 308 685 838 883 308 918 596 750 418 757 603 1160 418 1167 593 1488 421 1503 
694 399 350 419 760 650 308 682 836 892 306 917 597 753 417 757 602 1161 418 1168 590 1489 421 1503 
695 399 351 419 760 650 308 682 840 896 305 919 597 753 418 757 602 1161 418 1167 590 1489 420 1503 
695 399 351 420 761 651 308 682 841 899 304 921 597 752 418 757 602 1161 419 1167 590 1489 420 1504 
696 399 350 422 761 651 309 683 842 899 304 923 597 745 419 757 603 1159 419 1166 592 1487 421 1502 
696 399 350 423 763 651 310 688 842 899 308 926 597 742 419 757 603 1157 419 1165 592 1484 421 1499 
697 399 350 422 763 650 310 688 842 899 305 926 597 742 418 756 603 1157 420 1165 591 1484 421 1499 
698 399 350 420 763 650 310 686 842 898 305 921 597 745 418 756 603 1157 420 1165 591 1484 421 1500 
699 399 350 418 764 649 310 685 840 898 305 920 597 747 418 756 603 1157 419 1165 591 1484 421 1497 
702 403 349 418 766 653 310 685 840 907 302 920 597 748 412 789 603 1160 419 1167 591 1486 420 1499 
703 407 349 418 766 654 310 685 842 910 303 920 598 751 412 774 603 1164 419 1170 591 1489 420 1500 
704 408 349 418 766 654 310 684 838 904 299 919 597 752 412 768 603 1164 419 1170 591 1489 420 1500 
703 403 349 417 766 647 310 684 831 884 307 915 598 750 413 759 603 1164 419 1170 592 1487 422 1498 
702 403 350 417 765 647 310 685 828 880 312 915 598 753 414 763 603 1165 421 1172 593 1487 426 1498 
702 403 349 418 765 648 310 686 828 888 312 916 598 755 414 760 604 1165 421 1172 594 1487 428 1498 
701 403 349 418 766 649 310 686 828 891 309 924 598 756 414 760 604 1166 422 1174 595 1487 429 1498 
700 403 349 418 765 650 310 686 827 893 310 922 598 758 414 761 606 1167 425 1175 596 1488 430 1498 
700 401 349 418 765 650 312 686 829 894 311 920 599 758 414 758 606 1166 426 1175 596 1487 430 1498 
700 401 349 407 765 655 314 678 825 897 332 905 599 754 414 753 604 1163 422 1168 593 1482 422 1488 
701 400 348 393 765 656 314 671 822 894 349 894 599 754 415 754 604 1163 420 1168 587 1482 413 1488 
702 394 345 381 766 656 314 668 824 892 359 887 599 761 415 770 609 1167 421 1174 593 1485 413 1493 
703 391 341 376 766 657 314 666 826 886 356 883 599 771 419 793 618 1182 428 1195 600 1504 417 1520 
703 388 340 378 767 657 315 667 826 886 354 884 602 779 419 826 620 1190 430 1204 601 1513 417 1531 
701 386 337 380 767 656 315 667 826 886 351 887 604 777 418 829 620 1189 430 1203 600 1514 416 1530 
695 383 333 382 765 649 315 667 827 880 351 889 603 772 416 825 620 1187 430 1201 600 1512 416 1528 
686 378 327 383 760 644 315 669 829 871 354 891 603 767 416 827 620 1186 430 1202 601 1514 417 1531 
680 377 322 384 755 642 314 669 830 862 353 892 618 817 416 834 620 1187 429 1204 601 1515 417 1531 
676 375 315 384 753 642 312 672 835 854 354 894 622 826 416 836 619 1187 427 1206 601 1517 417 1531 
672 375 314 386 750 641 311 676 829 838 353 898 617 757 416 775 616 1166 427 1191 598 1494 418 1514 
667 375 308 394 746 640 310 678 825 837 353 904 611 739 416 756 616 1162 427 1187 599 1494 420 1512 
661 377 306 400 742 640 307 678 809 842 345 902 604 744 413 753 609 1163 419 1187 596 1499 414 1512 
656 380 303 403 741 641 301 677 805 844 323 901 593 739 406 741 598 1163 405 1183 586 1499 399 1510 
655 381 301 404 742 641 291 667 809 842 323 882 591 734 403 736 597 1162 402 1181 586 1499 398 1509 
653 381 301 405 739 633 287 659 810 826 312 872 590 730 404 734 598 1158 403 1173 586 1496 399 1498 
652 382 299 407 739 634 286 660 804 833 297 876 589 734 402 738 593 1159 395 1174 581 1499 391 1499 
653 382 299 408 739 633 287 663 805 831 302 876 589 730 403 734 594 1158 396 1171 581 1496 393 1498 
654 381 300 409 739 627 288 668 802 833 306 878 588 732 404 738 594 1158 398 1172 582 1495 395 1498 
660 381 308 409 739 627 288 671 798 838 308 879 598 804 403 804 594 1171 399 1185 579 1508 395 1515 
670 383 316 409 743 635 288 678 805 855 304 891 606 820 402 820 594 1181 400 1194 578 1517 395 1523 
687 391 329 408 751 643 288 676 797 870 298 892 611 838 402 834 593 1197 396 1204 568 1529 383 1531 
702 396 339 409 759 651 290 680 778 874 294 897 615 837 404 831 589 1201 390 1205 552 1531 365 1534 
715 401 351 411 769 658 292 687 773 884 314 905 615 767 405 822 588 1193 391 1192 555 1505 368 1520 
724 406 359 411 777 658 294 686 786 900 315 905 615 756 406 821 589 1196 391 1198 554 1519 369 1528 
740 409 374 412 783 657 300 687 797 904 307 911 626 822 412 831 591 1203 394 1207 555 1530 372 1534 
755 418 385 416 785 662 307 687 803 926 305 917 625 818 418 839 602 1218 412 1220 565 1547 382 1547 
772 423 400 423 787 659 314 688 820 927 306 925 627 817 426 852 615 1227 427 1233 580 1556 398 1555 
785 427 413 427 793 636 322 691 821 925 313 945 627 783 434 852 628 1224 444 1232 592 1546 415 1549 
798 448 423 439 798 637 325 695 834 924 317 960 628 783 439 855 635 1221 453 1235 597 1542 419 1540 
804 464 428 451 799 642 333 708 847 945 319 978 640 828 440 851 631 1220 455 1225 596 1515 417 1486 
802 472 435 457 804 642 332 711 854 936 317 977 627 812 438 854 626 1221 454 1207 573 1515 411 1472 
806 481 444 455 807 650 332 709 851 943 318 975 633 869 436 867 614 1242 442 1248 548 1547 374 1522 
810 487 445 454 806 656 331 708 848 946 310 970 622 852 432 874 611 1255 437 1257 537 1564 368 1529 
809 483 440 453 805 665 331 707 848 953 303 969 611 832 427 873 602 1259 424 1259 526 1568 357 1530 
823 479 436 452 804 666 330 706 856 950 294 968 607 828 425 871 600 1257 416 1257 526 1567 355 1530 
818 476 435 451 804 666 330 705 853 949 294 966 606 817 422 869 600 1253 416 1254 531 1564 359 1532 
814 453 433 449 801 663 329 705 849 925 295 974 630 854 422 868 600 1251 417 1253 532 1562 361 1537 
812 441 422 447 796 665 329 705 834 925 305 972 638 871 422 868 601 1249 417 1254 537 1561 364 1545 
807 435 415 442 793 669 329 703 827 924 304 957 640 879 422 867 606 1250 419 1255 565 1571 385 1558 
795 428 404 438 790 669 329 703 828 925 305 955 622 834 419 867 607 1249 419 1254 572 1572 393 1560 
782 423 394 433 789 671 329 703 828 927 314 955 620 797 418 862 607 1243 417 1250 571 1571 392 1559 
770 419 387 430 785 672 328 703 827 925 321 954 619 779 418 854 609 1234 418 1241 572 1565 393 1557 
760 417 380 430 783 672 328 705 825 916 330 955 619 771 418 845 610 1221 418 1229 573 1553 395 1552 
752 411 374 427 779 672 328 705 822 915 329 952 619 780 418 846 615 1221 419 1228 581 1553 401 1551 
741 405 367 423 775 671 328 704 822 911 327 946 620 785 422 796 616 1213 419 1219 581 1547 402 1545 
734 402 362 421 770 668 328 702 818 905 327 937 620 787 426 789 620 1212 420 1219 589 1545 410 1544 
727 403 358 417 767 667 323 697 811 905 309 922 620 789 427 787 623 1211 421 1219 593 1544 412 1543 
719 403 356 416 765 670 319 694 807 912 302 914 620 791 427 784 624 1209 422 1219 598 1542 415 1543 
715 401 352 415 764 669 317 692 796 905 299 916 620 791 432 791 627 1208 423 1219 605 1541 421 1543 
714 402 349 413 762 668 316 678 791 905 296 903 620 793 432 790 627 1205 422 1215 602 1538 420 1541 
713 402 345 413 759 666 315 679 787 899 297 907 620 793 431 787 627 1205 422 1215 601 1537 419 1542 
711 401 344 413 757 660 315 678 788 898 297 909 621 794 432 787 626 1202 421 1213 599 1535 418 1541 
711 401 344 413 755 660 315 679 786 898 300 910 621 786 432 774 626 1198 421 1208 599 1532 417 1540 
710 400 345 413 755 659 314 679 787 899 301 911 620 776 432 768 625 1196 421 1205 598 1531 417 1538 
710 400 344 413 754 658 314 680 786 893 301 912 620 770 433 764 625 1188 422 1199 598 1525 416 1534 
709 400 344 413 753 658 315 680 785 892 299 907 621 770 434 764 625 1188 422 1199 599 1526 416 1534 
710 401 344 413 753 659 315 680 784 892 299 907 622 762 434 759 625 1189 421 1200 599 1526 414 1534 
711 402 344 413 753 662 315 680 784 894 298 907 622 762 434 758 624 1190 420 1200 599 1528 412 1535 
711 402 343 413 753 664 315 681 784 895 296 908 638 805 435 760 624 1190 420 1200 598 1528 412 1535 
711 402 343 413 753 665 315 681 784 895 296 909 642 816 435 757 623 1191 417 1201 596 1531 409 1537 
711 402 343 414 753 665 315 683 783 893 297 911 641 768 436 755 623 1190 417 1200 597 1530 409 1536 
712 402 343 415 753 661 315 683 783 890 298 911 639 753 436 753 623 1189 417 1200 597 1529 409 1535 
712 403 343 415 753 661 316 683 783 891 315 911 639 756 437 754 622 1190 416 1200 596 1530 409 1535 
712 404 343 415 753 667 318 686 780 906 320 915 645 805 437 755 622 1192 415 1202 595 1533 407 1539 
712 405 343 415 752 671 319 686 780 918 327 916 643 781 438 756 622 1198 414 1207 594 1539 407 1544 
713 405 344 415 749 671 321 686 780 917 328 913 641 769 438 757 621 1198 413 1207 594 1539 407 1544 
713 405 344 417 748 671 321 688 780 916 327 917 640 763 438 757 622 1198 414 1207 595 1539 409 1544 
713 405 343 418 747 670 320 689 780 916 325 917 640 760 438 758 622 1198 414 1207 596 1539 409 1544 
713 405 343 419 747 670 319 691 781 918 327 920 638 760 438 759 622 1199 414 1210 596 1542 410 1547 
713 405 342 420 747 671 319 696 781 922 330 927 637 759 438 759 622 1201 414 1211 596 1542 410 1547 
713 406 341 421 747 677 319 700 778 928 330 938 635 749 437 754 622 1197 416 1209 596 1535 411 1546 
713 406 341 421 747 673 319 700 778 926 326 937 634 751 437 755 623 1198 416 1209 596 1537 412 1546 
712 406 341 421 748 672 320 697 778 920 325 933 633 752 438 755 624 1198 418 1208 599 1536 416 1545 
712 406 342 421 748 669 320 694 778 915 325 929 632 744 438 750 623 1189 419 1199 599 1526 416 1536 
712 406 342 421 748 666 319 693 778 910 324 924 631 741 438 751 623 1187 420 1196 599 1522 416 1530 
713 406 342 419 749 664 319 691 778 906 320 922 631 740 438 752 623 1186 420 1195 599 1522 416 1530 
714 407 342 418 749 664 318 691 778 907 318 921 631 741 438 752 622 1189 418 1196 596 1527 414 1534 
715 408 343 416 749 664 316 689 777 907 314 916 630 742 438 752 619 1190 416 1197 593 1529 410 1535 
716 408 344 415 750 666 315 688 777 910 308 916 629 742 437 753 617 1192 414 1197 589 1532 406 1540 
716 409 344 415 750 666 314 689 777 911 306 918 628 742 436 753 616 1192 413 1198 589 1534 405 1541 
716 409 344 415 751 667 313 689 778 913 302 918 627 744 435 753 615 1199 410 1203 587 1540 402 1547 
717 409 344 415 751 667 313 688 778 913 300 918 626 745 434 753 613 1200 408 1204 584 1542 399 1548 
717 410 344 415 751 667 313 688 778 914 300 920 626 745 434 754 614 1200 408 1205 585 1543 400 1549 
