796 407 356 465 857 614 277 705 939 934 276 989 655 834 458 894 678 1330 449 1336 648 1723 435 1733 
796 402 355 469 858 615 278 724 940 935 262 1025 660 837 458 888 679 1327 451 1336 652 1717 441 1733 
797 400 355 471 861 615 278 729 942 935 253 1035 664 839 458 885 680 1326 452 1337 655 1714 444 1733 
797 398 355 472 859 613 279 728 940 931 250 1032 665 840 458 883 680 1325 452 1336 656 1711 445 1732 
797 398 355 472 861 619 279 728 942 935 246 1037 666 842 458 886 680 1325 452 1338 656 1711 445 1734 
797 398 355 473 861 620 279 729 942 937 241 1040 668 847 458 893 684 1333 455 1352 668 1714 452 1740 
797 398 354 477 864 618 278 730 942 929 236 1042 667 835 458 887 682 1329 455 1349 667 1709 452 1738 
796 397 354 478 865 619 278 733 942 930 235 1045 666 836 457 888 680 1328 455 1349 666 1708 451 1738 
796 397 353 479 864 619 278 733 942 931 237 1043 664 827 447 893 680 1320 461 1342 666 1697 454 1728 
796 397 355 479 896 627 278 731 943 923 229 1041 664 824 448 886 673 1316 458 1340 651 1693 444 1724 
798 400 357 479 891 616 278 729 943 908 230 1040 663 824 450 888 673 1311 458 1340 647 1682 440 1711 
819 413 358 475 919 646 278 729 952 915 233 1032 663 843 448 895 668 1312 455 1335 639 1685 435 1704 
823 415 360 472 924 665 278 728 964 918 236 1023 676 898 443 906 662 1321 446 1337 626 1693 423 1705 
823 415 362 458 937 686 278 723 995 955 238 1024 675 894 441 923 663 1348 444 1351 628 1723 425 1716 
822 415 363 434 949 679 278 703 1005 948 276 974 690 914 441 920 664 1346 444 1347 629 1723 426 1706 
822 409 366 410 959 672 273 670 1002 919 347 825 702 905 446 882 664 1308 443 1304 629 1677 425 1668 
821 400 369 386 923 635 270 602 977 895 359 757 693 830 454 791 662 1249 442 1235 626 1610 424 1599 
801 381 372 370 877 577 268 536 941 825 342 738 679 799 457 768 647 1218 438 1197 619 1582 423 1562 
787 369 372 353 822 575 267 498 840 814 302 728 672 793 457 766 639 1228 433 1217 609 1596 405 1586 
768 363 364 353 775 573 260 526 776 800 235 750 656 779 452 772 627 1231 428 1226 604 1602 401 1600 
750 358 359 353 750 506 256 503 718 704 237 719 645 756 448 771 622 1203 425 1208 607 1558 403 1568 
729 347 355 347 735 468 246 477 698 662 237 691 640 764 446 776 621 1188 424 1198 615 1530 411 1545 
695 324 350 340 731 453 231 477 709 639 238 707 636 751 445 761 622 1165 423 1174 624 1518 416 1526 
685 309 345 329 725 469 231 481 683 675 242 707 624 728 435 741 609 1129 417 1130 621 1479 417 1488 
666 286 341 314 710 453 229 471 677 656 244 686 625 713 433 725 597 997 381 1000 614 1344 412 1370 
666 284 335 302 711 452 232 468 672 664 245 668 620 689 427 696 600 1000 353 995 622 1347 423 1373 
672 282 327 295 695 483 235 478 603 671 290 667 613 668 414 675 833 670 187 663 502 820 536 788 
680 279 327 287 688 485 229 525 561 652 418 654 605 612 398 619 831 575 217 595 425 728 576 763 
705 285 327 282 688 516 236 525 504 690 275 709 602 607 389 597 745 558 257 546 420 879 535 784 
729 331 328 283 666 574 236 525 528 795 234 719 604 550 406 522 670 595 386 647 431 850 523 809 
726 317 329 278 624 564 236 519 534 769 222 719 600 549 406 533 650 700 482 660 448 786 544 788 
725 241 327 216 634 502 242 503 698 714 201 719 588 469 398 446 619 583 431 560 444 779 532 745 
727 139 323 112 668 405 239 411 721 638 188 640 558 293 381 286 609 487 397 516 535 633 478 653 
677 73 285 79 671 319 229 343 705 566 182 574 539 234 369 248 588 459 371 500 512 658 479 673 
616 77 288 43 631 302 213 256 669 484 181 460 530 223 359 206 519 492 323 467 474 689 438 562 
592 -162 294 -164 620 56 231 102 631 223 193 371 521 125 361 117 499 394 324 357 460 631 391 569 
566 -195 288 -181 583 21 225 88 578 215 195 322 511 128 348 120 483 418 326 382 453 642 372 598 
582 -162 286 -170 596 72 208 60 582 297 188 286 489 116 331 111 467 408 329 381 456 648 374 617 
567 -197 288 -215 588 56 222 11 579 274 190 245 480 124 330 116 462 412 330 392 459 664 380 611 
567 -244 283 -258 582 -11 223 -10 582 238 191 227 475 101 324 98 483 402 333 385 459 658 383 623 
565 -292 284 -293 570 -83 233 -75 557 93 228 131 483 74 330 72 493 357 335 360 457 589 377 610 
572 -276 286 -275 573 -55 237 -50 572 158 229 184 486 88 334 92 492 351 336 364 449 546 370 597 
570 -248 275 -224 579 12 239 34 576 234 231 268 489 89 334 88 484 367 341 364 444 548 368 599 
561 -196 278 -188 575 42 264 55 575 258 239 291 483 108 336 104 478 370 344 365 439 556 367 600 
569 -178 308 -187 580 55 277 56 578 268 262 288 485 118 338 109 481 368 347 367 441 552 365 592 
573 -143 326 -185 583 63 306 45 578 275 285 266 487 104 343 91 481 346 348 336 439 553 369 566 
574 -104 339 -130 585 65 319 53 575 277 296 247 487 97 348 89 477 344 348 327 438 554 370 536 
565 -109 341 -131 581 67 312 9 570 266 315 113 482 93 349 84 471 339 347 316 436 551 371 530 
561 -59 339 -101 580 119 328 21 569 301 313 176 477 102 352 90 464 349 348 328 436 553 370 531 
559 -30 336 -34 576 132 315 142 567 321 302 319 477 74 354 59 458 339 344 288 428 550 364 519 
555 -24 330 -34 572 146 308 168 566 336 295 344 474 77 354 61 465 332 344 291 428 528 365 525 
551 -52 329 -95 564 143 313 98 549 308 309 331 472 86 353 72 486 323 345 306 459 496 366 520 
553 -8 328 -35 557 143 314 157 550 320 305 339 473 79 354 69 495 310 346 300 483 485 367 520 
554 -1 330 -47 560 145 327 146 551 325 299 329 476 83 361 72 506 319 352 307 502 475 368 523 
559 -14 359 -28 556 137 347 143 553 300 336 326 487 85 379 75 517 325 366 311 502 481 369 525 
594 -26 378 -31 570 131 339 138 567 286 325 319 508 87 392 76 526 324 378 312 513 480 371 523 
604 -3 404 -11 601 139 360 161 581 328 338 333 534 87 422 82 532 323 387 309 509 481 378 507 
600 21 409 21 609 157 376 178 596 334 355 337 545 93 435 82 535 324 393 299 504 485 398 490 
603 27 409 35 616 181 373 193 608 342 358 346 542 98 440 87 532 324 403 298 501 489 409 482 
602 17 399 19 615 173 372 186 610 342 354 341 536 100 429 88 530 325 401 301 499 490 412 482 
600 14 396 12 611 168 368 177 606 328 349 320 534 108 423 96 525 321 398 302 498 490 415 485 
589 12 393 -8 604 159 362 152 602 306 339 297 521 137 421 130 515 322 398 313 497 491 413 486 
571 -12 389 -18 591 143 354 146 589 285 329 276 513 142 418 137 514 322 399 318 497 492 414 485 
563 -34 381 -40 581 124 350 117 578 256 323 250 508 141 417 137 516 322 398 320 499 489 414 485 
560 -61 370 -61 578 87 342 82 579 217 318 209 507 142 415 140 526 321 399 321 505 481 414 484 
562 -77 371 -75 580 63 341 54 579 192 319 182 507 142 415 138 528 322 404 322 513 479 416 484 
562 -95 371 -96 581 43 343 36 582 168 320 163 510 139 416 135 527 321 410 322 514 478 417 484 
562 -109 380 -107 589 20 349 29 597 145 322 149 520 137 419 133 527 321 414 321 516 476 418 483 
563 -115 388 -112 595 12 355 19 603 137 327 139 527 137 425 131 527 321 418 321 516 477 418 483 
578 -120 397 -121 604 6 362 11 608 131 332 130 533 134 432 130 527 322 422 321 516 478 417 483 
581 -131 401 -138 608 3 369 4 614 122 341 116 538 131 436 126 528 322 426 321 517 478 417 484 
586 -130 408 -136 612 -1 374 -1 618 118 346 105 541 129 438 124 528 322 426 320 516 479 417 484 
596 -132 418 -138 617 -3 382 -3 622 115 352 99 544 129 442 123 529 323 428 320 516 479 417 484 
603 -130 428 -141 623 -4 392 -6 628 113 357 99 548 128 446 120 531 321 431 319 516 479 417 484 
615 -126 434 -140 630 -7 397 -6 634 111 362 99 551 128 449 119 531 321 430 318 516 479 417 484 
621 -132 436 -142 635 -4 400 -7 639 113 363 98 552 128 449 118 533 321 429 318 516 479 417 483 
623 -121 446 -136 636 3 402 -2 644 119 363 104 550 129 448 119 533 320 423 315 516 480 416 475 
621 -120 444 -137 634 6 400 0 645 121 362 109 549 129 448 119 533 320 418 311 515 479 414 466 
618 -120 439 -137 632 6 398 -1 641 119 361 109 548 129 447 119 533 320 415 312 516 478 410 464 
615 -119 436 -135 624 7 390 1 639 118 352 111 543 129 440 120 530 320 415 312 516 477 410 466 
605 -119 425 -134 605 7 376 1 631 120 341 113 535 129 431 122 526 321 415 313 516 477 409 467 
588 -118 415 -135 591 8 363 1 616 121 333 114 521 129 422 122 521 321 414 314 516 478 409 468 
570 -108 404 -117 576 13 352 10 600 125 323 124 508 136 412 131 520 321 402 317 504 473 408 468 
565 -93 385 -108 575 17 350 21 593 136 320 143 507 143 409 141 520 320 384 320 485 464 407 468 
541 -44 372 -50 572 57 337 71 587 174 306 183 504 179 410 177 520 336 358 322 482 465 407 468 
512 245 340 239 511 393 309 377 519 530 301 502 477 303 389 301 556 417 273 400 481 449 370 426 
507 249 335 247 507 399 303 386 513 534 296 509 461 390 374 386 571 401 247 398 466 461 370 435 
506 250 331 246 506 403 301 384 511 538 296 510 462 392 378 389 570 395 260 404 472 475 376 443 
503 246 330 243 505 399 301 377 510 538 294 511 462 391 377 388 570 389 265 394 476 482 379 447 
502 247 328 242 505 398 302 376 510 540 294 513 462 388 376 387 569 389 270 405 478 480 380 448 
503 246 328 243 505 398 300 378 510 540 294 513 464 387 376 385 567 390 267 401 479 479 379 450 
504 245 328 243 505 399 301 379 510 541 294 513 466 388 377 386 565 389 267 403 480 478 379 450 
505 246 330 241 505 399 301 377 510 540 293 514 466 388 377 386 566 390 267 401 481 478 378 451 
506 245 331 241 505 397 301 376 510 542 293 512 466 388 377 387 565 389 266 399 481 477 378 451 
507 247 331 243 503 400 303 378 509 541 294 513 466 390 377 387 566 390 266 400 482 477 378 451 
508 247 332 244 504 399 304 380 510 540 294 515 467 391 378 387 568 390 265 399 482 477 378 451 
508 246 333 244 504 394 304 378 509 537 295 513 467 392 379 387 570 391 267 398 482 476 379 452 
508 237 333 238 505 384 305 370 509 522 292 500 467 390 380 387 574 392 265 400 483 469 381 452 
508 230 335 231 513 360 298 363 508 476 286 468 472 390 384 388 576 393 264 400 484 464 384 454 
508 215 337 224 519 349 289 330 504 455 268 429 475 387 387 383 577 400 265 400 488 457 385 454 
505 204 339 212 511 334 289 314 476 444 241 397 475 385 388 381 577 409 269 403 477 455 385 451 
500 197 342 207 493 326 289 307 416 428 239 382 477 384 390 379 576 414 271 412 478 457 392 452 
492 191 344 206 470 312 306 306 374 398 245 380 478 383 395 379 575 419 273 416 481 458 391 449 
489 189 347 206 455 309 314 306 354 392 246 380 479 382 395 379 574 421 272 416 484 458 391 449 
485 188 348 206 453 307 316 304 353 388 244 376 478 382 395 378 571 422 272 414 485 457 390 449 
485 187 349 205 462 305 316 303 365 385 232 369 478 381 396 378 567 422 268 415 486 457 390 448 
487 185 349 202 482 304 305 300 392 387 219 361 478 380 396 378 563 421 268 417 486 456 390 448 
489 185 347 202 529 303 291 299 461 373 214 358 478 379 393 378 565 420 268 425 486 457 388 445 
493 183 344 197 553 284 288 293 550 349 225 357 475 376 386 376 570 418 269 430 483 458 382 445 
493 181 341 194 559 272 289 297 609 341 299 366 468 374 379 376 580 400 283 443 479 458 373 441 
493 183 339 193 559 275 296 299 631 331 353 363 463 373 372 376 582 391 298 439 478 458 371 440 
491 184 339 191 558 274 309 300 635 321 367 355 459 370 372 376 584 384 302 441 478 458 370 436 
491 184 339 191 557 271 309 301 637 316 358 349 460 369 372 376 585 385 301 441 478 458 370 435 
491 184 338 192 557 271 301 304 617 311 342 338 465 369 372 376 586 388 298 439 479 459 372 438 
493 184 336 192 562 276 286 305 590 296 329 308 467 369 374 376 586 389 296 439 481 461 374 444 
494 179 335 190 562 280 276 301 561 260 297 271 468 369 374 376 586 398 290 436 482 461 374 445 
497 177 336 190 563 283 278 300 536 255 282 274 473 370 377 376 586 410 281 428 484 460 377 446 
497 177 336 190 561 284 282 300 508 256 282 282 476 372 381 377 585 416 278 417 485 459 381 448 
497 108 335 118 537 244 316 241 456 220 341 220 476 300 381 301 569 409 277 375 484 459 378 446 
500 84 334 93 538 222 317 229 476 193 332 208 479 271 384 276 560 366 283 373 493 449 383 446 
509 95 334 105 551 241 316 226 470 232 351 245 479 273 383 272 561 321 276 319 480 459 359 431 
516 144 334 125 551 297 276 243 462 313 340 264 472 300 377 304 561 352 263 349 463 483 343 485 
518 189 334 180 557 326 262 296 476 363 334 331 466 363 372 355 566 379 263 362 458 487 337 488 
518 212 334 211 566 338 254 325 487 379 333 357 462 388 368 381 572 402 255 363 456 487 333 485 
519 221 335 221 574 345 249 335 497 392 338 374 460 397 369 393 586 412 259 378 451 485 335 488 
519 218 335 218 575 339 248 340 520 396 339 386 457 397 365 392 591 414 253 385 451 483 332 484 
522 217 335 217 579 335 251 341 527 398 350 407 458 394 363 391 592 413 251 386 451 482 333 481 
526 212 337 216 580 329 255 343 524 389 361 393 459 391 364 387 591 410 253 391 450 485 333 482 
532 206 339 211 579 326 256 337 504 377 364 375 459 383 365 375 587 399 256 383 450 488 333 480 
536 191 341 196 574 325 263 332 492 368 365 369 460 356 365 350 574 387 260 374 448 488 332 479 
539 159 341 152 571 299 264 294 482 341 369 333 459 327 363 316 570 364 260 346 450 482 322 463 
537 150 339 148 574 282 246 277 487 312 351 313 460 317 361 311 573 356 256 345 458 474 318 464 
535 157 331 150 574 291 245 285 490 314 333 329 460 328 358 323 581 368 256 364 461 483 318 490 
530 208 328 211 582 344 236 341 491 393 334 388 456 389 356 388 590 411 237 399 461 489 320 494 
528 206 324 211 580 345 235 347 509 402 332 403 455 386 354 382 594 427 234 401 460 488 321 492 
528 161 318 169 583 302 234 311 509 362 321 374 458 350 355 347 611 398 237 398 487 472 317 487 
531 131 317 139 602 289 217 291 514 320 322 322 464 327 356 324 618 373 238 374 493 467 322 486 
537 147 316 154 614 291 221 299 519 322 322 327 476 335 359 339 621 377 249 379 494 522 338 525 
543 204 317 209 626 362 220 358 524 400 320 407 480 407 360 409 629 447 245 437 494 530 348 535 
550 218 318 222 630 379 219 365 549 419 316 429 481 419 361 414 630 473 241 441 490 530 352 535 
558 189 317 194 637 362 219 350 543 401 304 405 487 406 363 400 639 446 232 426 505 520 348 523 
564 132 304 145 661 319 192 310 556 322 272 322 490 369 363 375 659 409 227 375 515 520 349 523 
565 135 293 148 678 315 188 312 564 334 261 337 496 366 362 371 662 409 230 363 514 572 348 571 
566 198 291 203 683 397 184 371 572 408 260 416 497 440 363 441 676 490 221 445 510 582 348 596 
573 228 293 228 696 427 177 392 577 473 259 450 500 472 363 467 684 537 214 480 510 582 347 599 
584 195 295 206 701 390 184 371 571 446 271 430 513 448 364 440 723 505 218 460 528 577 347 579 
591 117 295 143 727 340 180 353 591 418 279 387 526 426 371 429 747 486 229 415 551 565 347 576 
607 93 296 123 796 308 175 351 634 361 315 351 540 420 381 421 759 474 254 409 551 658 395 671 
622 120 307 131 834 317 168 374 656 380 332 399 569 467 408 476 779 502 263 466 552 661 418 688 
633 251 316 272 853 402 155 467 708 560 361 587 578 568 413 577 795 550 238 481 547 680 430 689 
655 330 321 341 872 479 162 503 691 641 370 645 592 569 410 562 793 680 354 685 584 931 456 971 
658 331 324 344 873 469 167 490 679 629 366 645 587 529 412 551 739 625 414 667 577 767 468 799 
653 308 335 317 854 441 169 460 678 610 361 619 580 526 414 540 702 618 371 583 569 726 461 769 
645 301 347 304 838 431 189 449 666 601 370 604 573 539 413 549 749 515 306 481 543 711 446 688 
643 314 357 317 828 427 215 441 634 615 379 609 575 553 419 563 801 453 278 458 543 688 438 669 
642 319 373 314 776 458 255 440 628 633 342 597 572 551 424 563 798 479 259 463 542 688 437 681 
640 310 377 311 768 445 255 437 684 603 332 585 571 567 426 571 793 491 255 463 534 687 440 681 
637 305 381 307 776 410 242 385 824 475 238 470 570 586 428 586 794 496 244 462 536 694 360 694 
636 303 380 307 793 391 243 342 969 428 123 369 569 598 426 593 791 512 238 461 533 700 378 710 
640 307 379 310 793 393 238 364 940 440 85 394 571 592 430 592 797 527 245 465 533 699 425 709 
638 315 380 315 750 424 246 401 858 446 110 454 586 593 443 596 812 536 279 485 530 699 514 707 
638 324 381 324 724 471 265 444 822 543 160 563 595 602 451 607 817 534 316 491 529 699 561 707 
638 330 381 339 703 501 277 500 786 685 186 678 599 618 462 632 824 534 353 513 529 698 617 725 
648 339 383 346 715 521 285 530 740 714 250 719 606 624 463 644 833 535 344 545 531 705 629 728 
673 350 386 351 720 545 296 546 694 681 352 706 607 642 458 653 852 615 314 614 532 718 596 744 
690 359 390 355 726 520 297 528 697 655 338 684 605 653 456 654 846 656 286 642 521 722 572 762 
713 371 399 358 735 516 298 523 714 654 311 662 607 665 455 659 848 683 267 666 523 729 560 809 
728 364 402 353 739 536 301 533 715 676 303 689 615 675 455 673 844 712 251 709 567 846 531 879 
731 357 405 350 740 551 307 537 749 711 298 719 636 683 453 690 785 830 376 834 607 1057 459 1107 
736 353 403 348 743 562 304 545 729 713 296 746 653 690 460 699 667 981 459 991 628 1212 455 1220 
741 353 403 349 772 552 308 550 730 717 293 761 668 710 473 707 671 1019 475 1029 653 1274 465 1279 
749 352 406 350 791 544 332 540 733 724 303 731 676 715 475 698 676 1016 476 1016 661 1274 468 1274 
767 351 417 351 819 543 353 540 814 723 305 717 687 707 486 690 690 1017 476 1005 682 1269 483 1259 
783 350 428 352 862 564 358 541 922 790 302 708 698 710 492 689 700 1026 496 1010 689 1287 494 1273 
786 349 435 351 856 570 361 538 966 760 293 695 696 714 492 690 701 1025 493 1012 686 1284 494 1272 
784 345 438 349 846 590 350 537 914 741 286 670 699 716 496 693 699 1024 469 1003 681 1281 485 1275 
782 346 436 349 840 599 347 544 878 733 285 671 695 719 494 695 689 1046 467 1039 673 1302 471 1302 
777 348 433 358 844 633 330 589 642 639 442 677 696 735 492 725 690 1051 478 1052 675 1308 474 1307 
773 348 431 359 840 636 327 609 573 580 492 677 696 730 493 717 693 1053 491 1061 682 1314 492 1319 
759 343 425 358 836 622 319 605 581 568 494 655 698 725 494 715 695 1027 498 1034 701 1288 519 1306 
744 342 412 358 862 577 299 593 589 603 462 639 696 722 488 718 698 1040 491 1051 703 1310 518 1319 
731 340 404 362 869 525 294 587 766 616 328 628 691 719 481 716 699 1035 485 1037 699 1302 508 1313 
724 335 402 364 871 497 321 562 811 622 269 606 690 719 481 714 697 1025 484 1025 697 1286 507 1295 
712 331 402 363 879 515 355 548 761 622 281 599 689 715 481 712 689 1020 482 1022 696 1284 501 1294 
709 330 402 363 873 547 374 550 659 620 295 602 689 717 483 714 690 1033 488 1041 698 1309 502 1322 
710 330 403 363 814 608 393 550 516 562 299 584 682 732 481 723 691 1036 488 1038 696 1307 497 1316 
707 330 410 363 780 627 397 545 493 542 306 567 679 740 480 721 692 1042 479 1046 696 1311 497 1318 
707 334 411 362 796 633 404 539 500 550 310 551 679 744 480 721 692 1048 478 1051 699 1320 497 1323 
709 336 412 359 848 619 392 526 509 617 298 563 681 724 488 705 693 1034 477 1017 690 1316 503 1310 
710 340 411 359 873 590 372 526 681 649 292 571 681 721 489 703 684 1033 462 1017 672 1310 500 1308 
720 342 409 363 854 554 326 556 797 641 341 612 681 724 477 709 685 1034 467 1034 672 1310 492 1313 
722 342 409 366 792 552 321 610 830 635 497 640 681 730 477 733 687 1048 477 1075 685 1338 496 1354 
721 338 416 368 742 524 327 638 809 605 607 639 681 730 476 732 682 1044 477 1066 682 1329 495 1341 
698 320 450 374 674 486 378 655 782 532 664 648 662 671 501 724 706 969 548 1061 699 1243 552 1325 
694 317 465 377 663 494 395 655 782 540 676 658 656 664 517 722 724 932 584 1045 708 1192 591 1294 
697 319 464 377 704 492 390 644 826 553 634 677 644 669 506 721 720 931 558 1029 681 1204 556 1283 
739 334 457 372 779 513 339 610 863 613 625 676 660 677 503 711 722 940 545 1025 681 1225 533 1286 
771 346 454 365 838 552 319 559 825 629 450 670 688 698 500 712 717 1017 538 1030 681 1286 518 1295 
786 359 451 347 858 634 326 494 691 638 359 622 699 725 499 710 716 1062 511 1049 690 1328 503 1317 
773 374 459 334 854 681 382 474 549 634 364 546 697 736 498 707 673 1055 462 1039 646 1323 454 1310 
766 380 472 324 778 682 415 482 499 611 373 509 679 740 497 700 645 1045 423 1002 615 1315 438 1287 
755 382 482 327 741 681 447 492 478 582 358 495 657 758 493 702 626 1069 428 1027 594 1344 415 1306 
754 378 476 328 757 664 428 472 519 588 353 505 659 760 493 706 642 1063 440 1028 614 1333 434 1306 
759 375 472 330 809 655 399 476 563 611 338 528 665 764 495 710 645 1070 447 1043 623 1342 440 1320 
764 366 452 331 850 583 342 488 722 630 344 586 675 749 488 710 654 1067 450 1039 633 1335 445 1318 
762 351 431 349 847 558 314 563 789 633 446 643 681 744 478 715 672 1064 466 1051 655 1338 456 1329 
731 339 429 367 761 499 328 619 801 597 552 659 670 726 475 719 668 1048 475 1053 662 1332 481 1327 
713 327 430 375 713 483 335 628 801 583 592 654 642 699 468 720 658 1012 476 1048 653 1286 480 1316 
703 329 431 374 709 493 338 624 802 576 567 667 644 704 469 736 657 1032 485 1073 653 1308 483 1338 
706 335 425 372 738 522 315 607 807 614 548 661 645 707 465 724 665 1011 468 1047 638 1305 452 1322 
719 335 423 368 797 534 298 575 788 625 446 654 663 710 470 723 687 1015 499 1046 658 1305 476 1322 
756 353 424 351 835 613 309 511 717 642 342 620 676 711 470 715 686 1033 483 1041 658 1313 463 1322 
768 363 425 346 840 651 321 487 652 639 324 584 689 722 479 713 695 1058 480 1044 671 1332 463 1326 
769 372 442 337 832 669 362 463 599 635 329 541 694 726 496 690 687 1055 474 1026 660 1331 458 1307 
771 376 451 332 829 670 385 453 593 633 336 524 692 725 503 684 677 1049 463 1012 645 1330 446 1299 
773 375 450 332 858 657 377 472 627 651 321 548 693 732 501 687 681 1062 462 1023 646 1338 449 1310 
780 373 448 333 871 612 354 482 737 654 327 580 693 733 488 693 681 1071 458 1040 646 1346 447 1323 
777 366 437 350 857 581 330 556 816 654 401 639 698 735 488 721 716 1070 503 1062 703 1349 504 1335 
777 357 431 359 851 576 321 591 828 647 478 660 698 727 482 719 721 1035 499 1058 693 1323 496 1332 
767 346 431 358 853 563 324 607 943 553 512 626 690 726 471 718 717 1036 489 1056 689 1323 485 1331 
761 339 430 357 851 559 331 619 871 467 496 568 682 724 465 718 694 1037 482 1055 668 1316 460 1316 
760 340 429 357 845 565 331 606 892 568 478 573 682 724 465 718 694 1038 481 1054 669 1321 461 1318 
760 341 429 357 840 568 332 596 867 638 445 573 685 724 466 717 695 1039 482 1054 676 1323 463 1321 
760 342 429 357 830 589 335 591 851 640 399 572 686 723 469 715 689 1025 477 1031 671 1308 459 1302 
762 346 429 356 826 589 339 589 843 654 383 569 687 724 471 715 689 1028 476 1032 672 1310 461 1304 
765 353 429 356 828 593 340 587 839 666 363 571 690 723 471 713 686 1027 472 1028 671 1311 461 1304 
766 361 429 357 830 601 342 585 837 676 356 573 689 724 471 713 682 1042 464 1033 661 1320 452 1310 
766 365 428 357 831 612 344 580 833 698 356 577 688 726 470 713 678 1058 459 1048 659 1340 453 1334 
766 367 428 357 832 611 344 577 832 685 356 581 687 728 471 713 679 1058 459 1049 659 1338 453 1332 
766 368 427 358 830 619 343 576 829 697 355 586 684 729 470 712 674 1061 453 1050 649 1338 440 1331 
765 368 426 359 830 618 343 580 829 695 351 588 684 729 469 711 674 1060 452 1051 650 1337 441 1331 
765 368 425 361 828 616 343 576 830 716 354 590 684 729 469 711 675 1059 453 1051 652 1337 442 1331 
761 368 420 364 822 615 345 582 822 712 356 600 684 729 470 714 679 1058 463 1053 662 1337 458 1331 
759 368 416 367 814 616 346 593 824 710 355 604 684 731 470 716 684 1059 466 1061 673 1339 466 1336 
758 368 415 367 806 620 346 602 822 697 351 603 686 736 470 719 686 1059 465 1062 678 1340 467 1338 
757 368 414 366 799 624 346 601 812 693 349 603 686 736 470 718 686 1059 459 1062 678 1339 467 1338 
757 368 414 366 794 629 346 592 796 687 350 599 686 735 469 718 690 1058 459 1054 681 1338 471 1336 
755 368 413 367 795 627 346 592 799 682 351 599 688 735 471 718 695 1058 460 1055 688 1338 476 1336 
754 367 413 368 797 614 347 594 799 679 352 603 688 731 472 717 695 1051 451 1037 687 1334 477 1329 
753 367 413 368 798 599 347 581 811 689 353 605 687 730 472 716 686 1051 453 1044 671 1334 469 1329 
753 367 413 368 805 599 345 576 832 696 352 605 684 729 469 715 676 1052 453 1051 663 1339 462 1335 
753 365 414 368 815 600 345 577 889 694 347 605 681 729 467 715 672 1053 453 1054 661 1341 456 1338 
753 362 414 368 830 601 343 580 965 697 341 606 680 729 467 715 671 1053 454 1056 661 1343 455 1343 
753 360 414 368 845 598 340 577 998 696 338 613 679 727 467 714 673 1048 455 1056 660 1343 450 1345 
753 360 415 368 842 599 341 556 987 695 336 615 678 728 465 714 668 1055 454 1060 653 1356 444 1349 
754 360 415 368 841 605 341 564 973 702 337 641 679 728 465 713 669 1063 459 1073 654 1371 445 1367 
754 362 415 370 822 605 341 571 945 701 337 654 679 729 466 713 670 1064 462 1075 654 1369 448 1367 
754 363 415 371 816 605 341 584 940 701 337 653 679 729 467 712 670 1064 464 1077 655 1369 450 1368 
753 363 415 372 810 605 340 584 943 700 334 648 679 730 467 713 670 1064 464 1076 656 1367 450 1365 
753 363 415 372 810 606 340 574 969 699 334 647 678 734 467 718 670 1069 464 1078 656 1375 449 1369 
752 363 415 372 810 609 340 574 966 699 334 646 678 733 467 718 670 1071 463 1081 655 1375 449 1371 
752 363 416 372 808 609 342 576 922 698 335 645 679 733 467 718 669 1068 462 1076 655 1369 449 1361 
752 363 417 371 809 610 344 572 929 707 335 637 679 734 467 719 669 1067 462 1076 655 1368 450 1361 
753 364 418 371 806 612 345 576 926 708 337 645 679 738 467 720 668 1075 462 1084 655 1378 450 1372 
754 365 418 371 817 624 346 576 951 731 348 646 683 738 470 720 678 1084 477 1094 662 1385 465 1386 
756 367 418 370 835 625 346 578 948 779 369 641 686 737 472 720 684 1082 481 1092 671 1383 473 1383 
757 367 419 369 845 622 346 581 925 793 389 635 688 736 474 722 689 1081 484 1091 677 1383 477 1381 
760 367 422 365 856 622 344 584 904 802 407 621 688 734 474 721 691 1074 482 1087 676 1373 473 1379 
763 366 423 360 859 618 342 591 882 797 428 598 689 733 474 721 695 1075 482 1089 682 1373 474 1380 
767 366 430 354 857 618 342 591 874 794 440 566 687 729 474 714 688 1069 473 1078 669 1368 461 1369 
771 366 436 349 856 619 341 591 865 804 443 555 687 727 474 708 677 1067 463 1070 653 1364 446 1360 
782 368 443 347 855 621 343 590 856 796 449 553 687 726 475 704 673 1066 463 1063 643 1359 439 1351 
792 374 450 347 854 622 350 591 865 792 459 558 687 727 475 704 673 1067 463 1063 645 1359 441 1349 
803 378 457 347 853 624 357 593 869 796 474 565 693 729 477 707 678 1080 468 1070 646 1362 442 1350 
808 385 462 348 850 628 363 594 871 800 487 569 694 729 477 707 675 1079 468 1067 639 1361 440 1343 
813 391 464 348 846 629 368 598 871 798 501 575 694 731 477 708 672 1079 468 1068 636 1360 437 1339 
824 394 470 348 865 628 373 598 858 809 509 558 696 729 478 705 667 1079 468 1063 626 1356 432 1333 
830 397 475 348 871 627 376 589 857 830 497 552 696 730 478 701 652 1079 458 1060 600 1356 405 1331 
839 406 479 353 869 633 382 582 865 842 500 578 701 730 480 700 655 1080 459 1060 609 1356 412 1332 
845 407 483 357 907 633 385 563 877 837 480 599 702 730 482 699 658 1080 466 1056 614 1355 416 1326 
846 409 486 359 905 640 386 548 878 860 446 600 702 733 485 700 653 1081 459 1048 599 1356 401 1321 
847 408 490 359 924 647 387 543 888 870 425 600 702 742 490 709 650 1093 453 1049 595 1371 396 1329 
848 410 494 359 946 668 385 548 924 900 393 611 702 753 491 718 646 1123 452 1077 589 1407 393 1359 
845 410 492 359 939 662 379 537 922 912 329 660 700 751 492 708 648 1116 452 1071 593 1400 397 1357 
844 410 490 359 916 659 353 535 918 918 238 713 699 751 492 701 648 1111 444 1071 595 1402 394 1359 
834 410 486 359 895 657 323 539 920 912 192 741 694 750 490 700 627 1109 426 1071 575 1406 377 1367 
825 409 478 360 886 656 309 539 919 922 167 752 691 750 483 699 626 1109 426 1073 576 1408 379 1374 
811 403 467 361 874 655 298 551 916 917 169 764 690 747 483 700 630 1108 429 1073 580 1406 396 1373 
799 394 454 362 859 648 297 562 882 908 170 776 689 742 481 703 639 1096 429 1072 600 1398 415 1371 
789 387 447 362 838 642 293 566 840 871 158 767 686 735 479 705 649 1094 437 1073 617 1399 426 1384 
782 382 442 362 833 637 283 566 826 856 159 778 684 733 475 706 644 1100 434 1080 614 1412 426 1400 
775 381 437 363 830 629 280 566 823 845 181 776 682 733 475 708 644 1101 438 1082 617 1411 431 1398 
772 382 430 365 831 624 286 570 818 827 283 770 682 733 475 708 644 1099 439 1081 617 1407 430 1395 
771 382 427 368 840 625 304 575 799 801 377 729 682 733 477 710 651 1090 464 1078 619 1392 444 1392 
771 382 428 372 842 633 321 589 702 775 421 725 682 734 478 715 659 1093 473 1083 633 1394 467 1390 
772 383 429 376 835 635 336 599 711 788 445 730 682 735 478 716 660 1081 472 1079 632 1385 458 1383 
774 382 431 376 833 635 344 605 744 797 456 737 682 735 478 718 659 1082 473 1079 631 1386 454 1383 
774 382 434 377 830 635 349 605 760 802 455 744 684 735 479 718 669 1082 477 1080 632 1384 453 1382 
779 383 439 378 826 640 350 604 764 803 454 749 687 737 482 721 670 1096 479 1094 631 1397 453 1392 
785 383 444 377 828 638 353 602 757 801 453 753 688 738 482 720 669 1096 478 1093 626 1394 451 1388 
792 385 448 377 829 638 355 602 769 802 451 753 688 740 483 720 669 1095 464 1083 610 1384 450 1378 
794 385 451 377 830 634 356 601 771 803 450 753 689 743 483 721 661 1097 466 1083 605 1388 450 1378 
795 385 453 377 830 634 356 601 771 801 451 752 689 743 483 721 664 1091 466 1081 600 1381 439 1375 
795 386 453 377 831 634 356 600 772 803 454 751 689 746 483 721 652 1103 466 1087 592 1399 433 1385 
795 388 453 377 830 638 356 600 769 803 465 751 689 747 482 722 649 1103 465 1087 591 1400 432 1386 
795 388 453 377 830 643 356 601 761 801 483 730 691 749 483 725 656 1103 468 1094 611 1403 444 1390 
794 388 454 376 827 645 355 597 761 798 472 684 692 749 491 761 659 1104 470 1096 618 1406 451 1392 
794 388 457 375 826 651 355 591 753 799 469 666 701 749 504 766 668 1100 477 1095 628 1405 457 1391 
794 389 458 375 826 650 356 575 754 799 458 669 702 749 511 770 670 1109 486 1098 632 1417 473 1398 
794 390 458 375 825 650 364 562 756 797 457 680 698 747 509 734 660 1087 480 1068 629 1385 472 1364 
794 389 458 375 824 646 369 557 752 794 455 686 697 745 507 720 654 1072 471 1050 621 1369 460 1350 
794 389 458 375 824 645 374 560 759 795 465 690 697 743 506 717 655 1072 476 1054 625 1372 468 1355 
794 389 457 375 823 648 375 569 751 797 470 709 697 743 505 718 661 1073 478 1054 625 1375 467 1362 
792 389 455 377 820 651 374 592 763 817 468 743 697 745 502 718 657 1087 478 1083 609 1396 456 1392 
788 389 451 378 814 653 373 606 774 835 467 771 696 750 499 727 651 1117 476 1114 601 1429 445 1423 
784 389 448 380 811 653 371 609 773 831 462 777 693 750 496 731 645 1118 467 1113 593 1431 432 1421 
780 389 443 380 809 654 370 609 776 836 456 781 688 750 491 732 641 1115 457 1111 587 1427 425 1420 
775 388 438 380 808 654 367 613 757 839 454 785 686 752 489 738 639 1130 456 1125 588 1451 425 1438 
770 386 432 381 806 654 365 614 752 841 454 783 686 752 487 739 640 1134 456 1131 590 1457 427 1446 
766 383 429 381 805 654 364 613 761 839 452 781 685 751 486 739 640 1130 456 1126 591 1450 428 1441 
762 381 424 381 802 653 363 613 766 838 451 781 683 750 485 740 640 1128 457 1125 595 1447 433 1438 
758 380 421 381 801 652 362 612 768 837 450 780 681 746 483 736 638 1116 454 1116 596 1435 433 1431 
755 379 418 381 799 652 362 613 748 837 450 784 681 745 481 735 637 1109 454 1113 598 1425 436 1424 
753 379 418 382 797 652 362 613 748 836 450 785 681 744 481 734 638 1101 455 1108 603 1413 439 1417 
753 378 417 382 797 651 362 613 747 836 449 785 680 760 481 734 638 1101 455 1108 605 1413 440 1417 
752 378 417 383 798 651 360 613 755 836 449 784 680 767 482 735 644 1100 460 1108 614 1408 449 1414 
753 379 417 383 797 651 360 612 751 836 448 784 680 768 482 734 644 1094 460 1101 616 1395 450 1403 
753 379 417 383 798 649 360 609 751 830 448 781 680 756 483 733 644 1086 461 1094 618 1386 455 1395 
752 379 418 383 798 645 360 606 762 820 448 780 680 746 484 730 647 1071 461 1083 618 1369 457 1381 
752 379 418 383 798 645 360 604 758 821 448 780 680 744 484 729 647 1069 461 1080 618 1371 457 1382 
753 379 418 383 798 645 361 604 763 821 448 780 681 741 486 727 652 1062 461 1074 620 1362 457 1374 
753 381 418 383 798 647 360 605 770 823 447 780 680 760 485 727 651 1078 461 1084 619 1379 456 1383 
753 382 418 383 798 647 360 605 773 823 445 780 679 763 485 726 650 1079 460 1085 619 1381 454 1384 
754 384 418 383 798 648 360 606 773 823 445 779 678 765 485 726 646 1080 459 1085 617 1381 450 1385 
754 384 418 384 798 648 360 608 772 823 445 781 678 767 485 726 645 1084 458 1091 616 1385 450 1389 
754 385 418 384 798 649 360 608 772 823 445 780 677 767 484 726 645 1084 458 1090 616 1384 449 1389 
755 385 419 384 798 650 360 608 772 823 445 780 677 767 484 725 645 1083 458 1090 616 1383 449 1389 
756 385 419 383 798 651 360 608 766 829 445 782 678 745 485 722 651 1062 458 1071 622 1357 453 1370 
757 386 419 382 798 653 360 608 768 831 445 782 679 739 485 722 653 1065 459 1073 625 1362 456 1371 
758 385 419 382 798 654 362 607 767 831 445 782 679 735 486 721 653 1067 459 1074 628 1365 456 1374 
759 386 419 382 799 654 362 607 767 831 446 783 679 736 487 722 654 1068 460 1075 630 1367 457 1375 
760 386 420 382 799 654 362 607 768 831 447 783 680 736 488 722 653 1075 460 1077 630 1371 459 1377 
760 386 420 382 799 653 362 606 769 830 447 782 680 737 489 722 653 1080 461 1081 632 1375 461 1380 
762 387 421 382 799 654 362 605 763 836 447 781 680 738 490 722 653 1081 462 1081 631 1376 461 1382 
763 387 421 382 799 655 362 604 757 841 447 781 681 737 490 722 670 1058 451 1061 631 1347 461 1360 
763 387 422 381 799 655 362 604 762 838 447 782 681 737 490 722 668 1061 451 1064 631 1352 459 1362 
764 387 423 381 799 655 362 604 764 837 448 783 681 736 490 722 666 1062 455 1066 632 1354 460 1368 
765 387 423 381 800 654 362 604 760 839 448 783 681 732 490 721 671 1051 455 1064 635 1348 464 1367 
767 387 424 381 800 654 363 604 765 834 449 783 681 732 490 721 669 1055 458 1067 634 1353 464 1372 
768 387 424 381 801 654 364 604 770 834 449 783 681 731 490 720 669 1055 458 1068 634 1353 461 1372 
768 386 424 381 801 654 365 604 771 833 449 783 681 731 491 720 665 1066 458 1074 633 1367 460 1380 
768 384 424 381 801 650 366 603 776 831 449 781 682 731 492 720 664 1065 458 1069 633 1363 460 1372 
768 382 424 381 801 649 367 603 774 831 449 781 682 728 492 719 663 1065 461 1069 633 1363 461 1372 
768 380 425 381 802 645 368 603 776 828 449 781 682 728 494 720 662 1067 462 1071 636 1367 464 1376 
768 379 425 381 802 642 368 603 775 827 449 782 682 729 494 722 662 1079 466 1078 640 1382 469 1385 
766 379 425 381 803 642 370 605 770 827 450 782 682 730 495 723 662 1088 468 1085 641 1394 471 1394 
765 379 422 382 803 643 370 605 770 829 450 784 682 731 495 723 659 1087 468 1085 639 1391 470 1393 
762 378 419 382 803 643 370 604 771 828 450 785 682 731 495 724 658 1086 469 1084 640 1390 471 1393 
759 377 416 384 803 643 370 609 770 823 451 787 682 731 494 726 658 1086 469 1085 641 1389 471 1392 
757 377 415 384 804 643 370 609 770 814 451 787 682 731 492 726 658 1085 469 1085 641 1389 472 1392 
756 376 414 384 804 643 370 610 769 809 451 791 682 730 492 726 659 1071 469 1075 641 1369 471 1378 
755 376 413 384 805 644 371 617 769 810 453 798 682 730 492 726 663 1063 469 1073 642 1359 472 1372 
755 376 413 384 805 644 372 621 770 810 455 802 682 729 492 725 670 1055 467 1071 642 1354 469 1371 
755 377 413 385 805 646 372 621 766 813 457 801 682 730 490 725 671 1054 453 1069 639 1350 462 1368 
756 379 412 386 804 646 372 621 744 813 457 801 682 731 490 725 674 1051 446 1065 635 1347 458 1363 
755 381 413 387 802 646 372 620 740 814 457 800 682 732 490 726 674 1055 454 1075 634 1352 458 1371 
755 382 412 389 800 646 372 622 743 814 457 800 682 732 490 727 665 1060 456 1079 632 1356 459 1373 
755 382 412 389 799 646 372 621 741 813 457 799 682 731 490 726 665 1058 452 1074 629 1353 458 1368 
754 383 412 389 799 645 372 620 742 811 458 798 682 731 490 725 664 1061 461 1076 629 1359 459 1371 
754 384 411 389 799 644 373 620 741 811 461 799 682 731 490 725 674 1044 464 1065 629 1336 461 1357 
754 385 411 388 799 644 373 618 752 811 462 798 683 731 490 725 696 1019 440 1034 633 1305 461 1328 
753 385 410 388 798 644 373 617 761 810 462 795 683 730 490 724 691 1027 442 1041 634 1316 461 1337 
752 385 410 388 798 641 373 616 760 807 462 794 683 730 490 724 689 1031 443 1044 633 1322 460 1341 
752 385 409 388 798 639 373 616 765 802 462 794 683 730 490 724 675 1040 444 1049 633 1335 459 1346 
751 385 408 388 797 634 373 616 756 768 461 790 682 745 487 724 654 1048 446 1050 626 1335 458 1344 
751 384 408 388 796 627 373 616 755 748 462 785 681 753 483 723 646 1060 446 1056 620 1347 449 1344 
751 384 408 387 789 621 373 614 744 746 462 777 679 751 480 722 646 1057 447 1055 617 1346 448 1343 
750 385 408 387 774 621 373 614 734 752 461 776 679 742 480 721 646 1052 441 1049 616 1341 446 1341 
750 385 407 387 769 618 373 613 728 754 461 777 679 741 480 721 643 1065 445 1061 616 1359 446 1349 
748 384 407 387 768 615 373 612 729 757 460 777 679 750 480 722 642 1070 450 1067 616 1366 446 1356 
746 383 407 387 766 616 373 612 729 784 460 779 679 748 480 724 644 1079 456 1078 618 1378 450 1367 
746 383 407 387 766 616 373 612 744 800 458 779 679 747 480 726 644 1084 456 1082 620 1380 452 1370 
744 383 406 388 764 616 373 615 728 799 458 782 679 758 480 727 643 1084 457 1083 620 1379 453 1371 
745 383 405 389 765 619 373 617 733 818 459 783 679 759 481 749 642 1082 457 1082 619 1377 453 1370 
744 382 404 389 765 619 373 617 737 815 459 784 679 762 483 759 642 1081 457 1081 620 1375 453 1368 
744 382 404 389 765 618 373 617 744 813 458 781 679 762 483 759 642 1080 457 1080 620 1373 453 1365 
745 382 405 388 765 618 373 613 747 811 458 776 679 761 486 757 648 1059 454 1058 620 1334 453 1337 
745 382 405 388 766 620 374 612 749 815 457 774 679 760 488 756 658 1041 438 1043 621 1316 453 1325 
745 383 405 388 766 620 374 612 747 814 458 774 679 759 489 757 660 1042 438 1043 624 1319 454 1326 
746 383 405 388 766 623 374 612 747 821 458 774 680 754 489 761 657 1046 440 1050 623 1322 453 1334 
746 383 405 388 766 623 374 611 734 812 458 774 680 746 488 733 657 1044 431 1047 623 1325 452 1335 
746 384 405 388 765 625 374 611 734 814 458 774 680 748 486 721 663 1039 428 1042 624 1319 452 1331 
746 384 405 388 765 626 374 611 736 817 458 775 680 749 486 718 667 1037 423 1036 627 1317 452 1328 
746 384 405 388 765 626 373 610 737 818 458 774 680 749 484 716 663 1038 425 1036 625 1318 451 1329 
747 385 405 388 765 627 373 609 737 818 457 774 680 751 484 717 656 1044 430 1046 623 1329 449 1336 
747 385 405 388 765 627 373 609 740 819 455 774 680 743 483 716 655 1052 437 1056 623 1343 449 1348 
747 385 405 388 765 627 373 609 742 818 455 774 680 748 483 716 654 1052 437 1056 623 1343 449 1348 
747 385 405 388 765 627 373 610 742 818 455 774 680 753 485 745 651 1055 440 1061 621 1344 448 1349 
747 385 405 388 765 628 373 610 741 818 455 774 680 754 485 730 651 1054 440 1058 622 1339 448 1344 
747 385 405 388 766 627 373 610 741 813 455 774 680 755 487 748 652 1052 437 1053 622 1333 448 1340 
747 383 405 388 767 626 373 610 746 806 455 774 680 758 487 758 651 1059 446 1063 622 1342 448 1346 
747 382 405 388 768 624 373 610 730 787 455 775 680 759 488 761 649 1067 453 1070 622 1351 450 1352 
747 382 405 388 769 624 373 610 723 785 455 778 680 761 488 763 648 1073 454 1074 621 1357 450 1356 
747 381 405 388 769 623 373 610 721 787 455 776 680 747 487 737 647 1073 455 1074 622 1360 450 1359 
747 381 405 388 769 623 373 610 728 795 455 775 681 759 487 757 647 1088 457 1088 622 1381 451 1377 
747 381 405 388 770 623 373 610 721 793 455 776 681 762 488 762 648 1088 460 1089 624 1380 454 1378 
746 381 404 388 770 623 373 610 732 799 454 776 681 767 488 767 648 1091 461 1092 624 1383 455 1380 
746 381 404 387 770 623 372 609 736 802 454 769 681 768 488 767 648 1090 461 1090 625 1380 456 1378 
746 380 404 387 770 623 372 608 725 798 454 768 681 768 486 733 649 1089 463 1089 627 1381 458 1377 
746 379 403 387 770 619 372 608 722 792 453 768 681 749 485 724 649 1084 463 1086 627 1376 459 1373 
745 378 403 387 770 619 372 608 722 790 453 768 681 745 483 721 649 1086 463 1086 627 1380 459 1375 
745 378 402 387 770 618 372 607 722 789 452 767 681 739 483 718 648 1086 463 1086 627 1380 459 1376 
745 378 402 387 770 618 371 606 721 788 452 767 681 739 482 719 648 1085 463 1086 627 1380 459 1376 
745 378 402 387 769 618 371 606 721 789 452 767 681 747 481 718 648 1085 463 1086 626 1381 459 1377 
744 379 402 387 769 619 370 605 721 787 451 765 681 743 480 718 648 1085 463 1086 626 1381 459 1377 
744 379 402 387 769 619 370 605 720 788 449 765 680 741 479 718 648 1085 463 1085 626 1381 459 1377 
744 380 402 387 768 620 370 605 719 789 451 767 681 736 479 717 648 1080 463 1082 626 1378 459 1375 
744 380 402 387 768 620 370 605 733 798 451 768 681 736 479 718 648 1081 463 1082 624 1378 457 1375 
744 380 402 387 768 620 370 605 729 797 451 769 681 750 479 717 648 1082 463 1083 624 1380 457 1376 
744 380 402 387 768 620 370 605 729 794 451 769 681 752 479 717 648 1081 463 1082 625 1379 458 1376 
744 380 402 388 768 620 370 606 727 793 451 769 681 750 479 718 648 1084 463 1084 625 1381 458 1377 
744 381 402 388 769 621 370 606 727 794 451 769 680 744 479 718 648 1084 463 1084 625 1381 458 1377 
744 381 402 388 769 620 370 606 725 791 451 768 680 742 479 718 648 1084 463 1083 624 1379 457 1375 
744 381 402 388 768 621 370 605 724 792 450 768 681 740 479 718 648 1083 464 1083 624 1378 457 1374 
744 381 402 388 768 623 370 605 720 792 450 770 680 738 479 718 647 1082 462 1081 622 1377 455 1373 
744 381 402 388 768 623 370 605 731 801 451 770 680 752 479 718 647 1082 462 1081 622 1377 454 1372 
745 381 402 388 768 624 370 606 727 800 451 772 681 756 479 718 647 1082 462 1081 622 1377 454 1373 
745 382 402 388 768 624 370 605 725 800 452 772 681 745 479 718 646 1079 461 1078 621 1374 454 1370 
745 382 402 388 767 624 370 606 732 808 453 772 680 749 479 717 646 1078 461 1077 621 1373 454 1370 
745 382 402 388 767 625 370 606 733 813 453 773 680 753 479 717 646 1078 462 1078 622 1374 455 1371 
745 382 402 388 766 625 370 606 724 812 453 773 680 742 479 717 646 1075 462 1076 622 1370 455 1369 
745 382 402 388 766 625 370 606 719 808 453 773 681 740 479 717 646 1075 463 1076 623 1370 456 1369 
745 382 402 388 765 626 370 606 717 807 453 774 681 737 480 717 646 1074 463 1074 623 1366 456 1365 
744 381 402 387 765 626 370 606 714 805 453 774 681 737 480 718 646 1075 463 1075 624 1367 457 1365 
744 381 402 387 765 626 370 606 712 804 453 775 681 735 480 718 646 1075 463 1075 625 1368 457 1367 
743 381 402 387 765 627 370 607 723 814 453 779 681 742 481 717 646 1076 463 1077 626 1371 459 1371 
743 381 402 387 765 627 370 607 720 813 453 780 681 738 481 718 646 1074 462 1076 626 1371 459 1371 
743 381 402 387 764 627 370 607 719 812 453 780 681 736 481 718 646 1075 463 1076 626 1373 459 1373 
743 381 402 387 764 627 370 607 715 811 453 780 681 735 481 718 646 1074 462 1076 625 1373 459 1373 
743 381 402 387 764 624 370 605 715 807 451 780 681 735 481 718 646 1074 461 1076 626 1374 459 1375 
743 381 402 387 764 624 370 605 713 807 451 779 681 733 481 718 645 1069 461 1072 626 1366 459 1371 
743 381 402 387 764 624 370 605 712 807 452 781 682 733 481 719 645 1069 461 1073 626 1366 459 1372 
743 381 402 388 764 624 369 605 711 805 452 782 682 733 482 719 645 1067 458 1072 627 1364 459 1371 
743 381 402 388 764 624 370 606 709 805 453 783 682 733 482 720 646 1067 459 1072 629 1364 462 1371 
742 380 402 389 764 624 370 607 709 803 454 784 682 733 483 722 648 1068 462 1074 634 1364 467 1372 
741 380 401 389 764 623 370 608 710 802 454 784 682 733 484 722 651 1071 466 1077 637 1368 472 1375 
740 375 401 388 766 620 371 609 712 794 454 784 682 732 485 723 658 1071 472 1078 652 1368 482 1375 
739 372 401 388 769 614 371 610 715 789 455 788 683 732 487 726 669 1073 482 1080 667 1372 495 1376 
738 368 401 386 771 608 371 609 715 787 454 787 683 732 488 728 668 1070 481 1075 665 1365 493 1366 
737 366 401 384 778 609 367 606 717 767 455 781 683 725 489 721 667 1035 474 1042 663 1323 492 1334 
737 364 401 384 797 607 359 605 759 700 452 720 683 724 483 713 700 1002 490 1034 681 1285 506 1319 
736 354 402 376 815 607 344 606 800 615 432 626 682 724 478 715 697 1017 488 1039 693 1303 502 1321 
723 342 402 372 844 565 335 626 889 596 415 554 677 711 477 707 692 1007 457 1017 685 1301 496 1317 
722 333 404 363 861 573 327 629 833 495 408 508 676 707 477 706 693 1007 471 1024 689 1283 495 1302 
722 325 405 354 862 575 327 628 813 463 411 474 670 703 472 704 694 1003 471 1024 685 1275 489 1301 
722 325 405 349 861 577 329 627 785 438 433 451 671 703 471 703 695 1007 472 1027 687 1278 488 1305 
723 325 405 349 864 578 325 626 751 432 457 451 672 703 471 701 700 1006 473 1028 692 1276 489 1307 
723 326 405 351 870 576 317 626 745 446 456 467 672 703 471 702 705 1004 476 1020 690 1276 489 1307 
723 327 405 352 886 577 293 625 746 460 433 476 672 703 472 702 712 1003 462 991 687 1274 478 1293 
723 328 405 353 918 578 271 622 783 476 404 493 672 701 472 702 709 1005 470 999 687 1275 478 1296 
723 329 407 353 902 555 266 594 796 485 361 506 672 702 472 702 704 1007 470 1008 686 1278 475 1299 
721 329 408 354 893 522 273 552 797 492 340 510 673 703 471 704 695 1015 469 1019 686 1292 474 1302 
721 331 406 356 907 502 280 547 794 516 348 554 674 709 469 711 692 1021 466 1022 680 1298 467 1305 
723 341 405 368 887 517 284 551 818 625 328 629 667 722 469 721 683 1059 466 1065 669 1354 463 1353 
727 350 405 373 865 526 289 560 829 672 333 688 668 725 469 722 673 1073 464 1076 657 1368 463 1363 
727 354 405 375 851 548 304 566 837 725 353 672 671 725 469 721 674 1065 477 1070 660 1358 480 1356 
727 355 405 375 834 575 343 583 837 766 422 680 673 718 478 715 783 948 494 951 685 1235 538 1278 
727 356 405 375 824 585 356 604 831 769 486 675 674 716 482 712 761 967 493 956 687 1262 526 1296 
728 359 406 376 821 590 354 607 827 763 490 669 676 716 485 712 727 992 502 1004 689 1291 522 1314 
733 364 406 376 820 602 352 612 825 793 489 724 676 718 484 712 697 1046 502 1058 673 1347 518 1362 
740 369 407 376 820 609 353 614 824 803 471 762 676 720 482 713 680 1069 500 1078 657 1367 505 1378 
744 372 407 378 818 620 355 620 823 816 464 772 676 724 482 713 671 1080 499 1089 647 1380 491 1390 
747 374 407 380 818 621 361 626 822 824 465 776 677 724 482 714 670 1079 498 1091 647 1382 491 1392 
748 375 407 383 818 622 363 631 819 813 462 780 677 726 482 717 667 1082 490 1096 638 1384 478 1396 
749 376 407 387 816 626 362 634 819 820 460 786 677 728 482 720 664 1088 485 1103 628 1387 467 1400 
750 376 407 389 814 626 362 633 812 813 451 791 677 730 481 722 657 1095 477 1108 626 1399 461 1405 
750 376 406 391 813 628 362 639 810 824 446 802 677 730 481 722 658 1090 476 1106 628 1393 463 1404 
749 376 404 393 812 629 362 640 809 823 444 802 677 730 481 723 659 1087 474 1105 628 1391 461 1404 
749 376 404 393 812 628 362 640 807 823 442 804 677 730 481 724 658 1092 474 1110 628 1400 461 1409 
749 375 403 393 812 627 362 640 807 825 440 806 677 732 481 727 657 1100 475 1116 628 1408 463 1416 
749 375 403 392 812 627 361 639 807 828 440 801 677 733 481 729 656 1101 475 1116 628 1408 463 1415 
749 375 403 393 812 626 362 640 806 824 440 801 677 733 482 730 657 1099 476 1114 629 1405 467 1413 
749 376 403 393 810 628 362 640 805 832 440 801 677 733 483 729 656 1098 476 1113 629 1403 467 1412 
748 376 403 393 810 633 361 640 805 834 440 799 677 734 483 729 654 1097 474 1112 626 1402 464 1411 
748 376 403 393 810 632 361 639 804 831 440 799 678 735 484 731 655 1097 475 1112 629 1402 467 1411 
748 375 402 393 810 631 364 640 803 832 442 802 678 729 486 727 663 1076 478 1103 639 1385 475 1406 
746 375 401 393 810 631 366 641 803 831 444 805 678 728 487 726 666 1075 481 1101 647 1383 485 1404 
745 374 400 392 809 630 368 640 802 830 443 807 678 723 488 722 668 1068 482 1093 653 1377 488 1398 
745 374 400 391 809 631 369 640 799 829 439 808 677 718 489 718 668 1068 482 1087 652 1378 486 1395 
743 373 399 391 809 631 370 640 798 829 436 808 677 716 491 716 671 1067 484 1083 657 1375 489 1390 
740 371 399 391 808 630 371 640 798 829 433 813 677 715 492 716 671 1068 485 1084 657 1376 490 1390 
740 371 399 391 808 630 372 640 797 830 430 816 677 713 493 713 672 1068 486 1084 660 1377 492 1390 
740 370 398 391 808 630 373 640 797 833 430 815 677 709 494 711 675 1068 490 1080 665 1376 497 1389 
739 370 398 392 808 629 373 639 796 833 430 815 678 708 494 711 679 1068 494 1079 669 1375 500 1385 
739 370 397 392 808 629 374 639 795 832 430 814 678 706 494 710 679 1068 493 1077 669 1374 499 1383 
738 371 397 392 808 629 374 635 792 832 427 813 678 706 494 709 678 1069 493 1077 668 1374 498 1383 
736 370 397 392 808 627 373 633 792 828 427 810 677 705 494 708 678 1068 493 1075 668 1372 498 1379 
735 370 397 392 808 627 373 632 792 828 425 809 677 706 494 708 678 1068 493 1075 667 1372 498 1379 
735 370 397 392 809 627 373 632 791 827 424 808 676 707 492 708 678 1070 493 1075 668 1373 498 1379 
736 371 397 392 810 627 373 632 791 827 424 808 676 707 491 707 677 1070 492 1075 667 1373 496 1379 
736 371 397 392 811 627 373 632 791 827 424 806 675 706 490 706 677 1070 492 1073 667 1371 495 1375 
737 371 397 392 811 627 375 636 792 827 425 806 675 705 490 705 676 1070 491 1073 665 1371 494 1375 
738 372 397 392 811 628 375 636 792 827 425 806 675 705 490 704 674 1070 489 1073 662 1371 489 1373 
738 372 397 392 811 628 375 635 792 826 425 804 675 705 489 704 674 1071 489 1073 662 1371 490 1373 
739 372 397 392 811 628 374 634 792 826 426 802 675 705 489 704 675 1071 489 1073 662 1371 490 1373 
739 372 397 392 811 628 374 634 792 826 428 800 675 706 488 705 674 1074 489 1075 662 1372 490 1374 
739 373 397 392 810 630 374 634 792 827 429 798 674 706 487 705 672 1074 486 1075 658 1372 487 1373 
739 373 397 391 810 629 374 632 792 828 429 797 674 707 486 705 670 1075 484 1075 657 1372 485 1373 
739 373 397 391 810 629 374 631 795 828 431 794 674 707 486 706 670 1075 484 1076 657 1372 485 1374 
739 372 397 391 810 612 375 631 798 805 434 791 675 705 487 706 671 1071 486 1074 657 1365 486 1371 
739 372 398 391 809 601 375 629 802 783 438 789 676 705 488 707 673 1069 486 1071 658 1363 484 1368 
739 373 399 388 809 598 374 621 807 784 440 785 676 710 487 710 670 1069 482 1070 656 1364 476 1368 
740 374 400 387 810 602 373 619 804 784 441 786 676 715 487 714 671 1076 482 1072 660 1373 476 1370 
740 374 401 387 812 609 373 620 796 789 442 786 677 715 487 714 683 1062 484 1070 661 1370 478 1370 
740 374 401 389 813 617 373 621 790 804 440 789 678 717 489 716 684 1072 493 1076 667 1381 491 1380 
739 375 400 389 813 623 371 621 788 818 439 789 678 720 489 718 681 1086 492 1082 667 1389 493 1385 
737 375 399 389 811 623 367 623 788 820 437 790 676 714 488 715 681 1077 492 1082 667 1379 495 1385 
735 374 397 391 810 623 367 629 788 820 437 794 676 713 488 715 680 1077 493 1083 667 1379 496 1386 
735 374 397 391 809 624 365 629 788 824 436 795 676 713 488 715 677 1077 491 1083 662 1379 494 1386 
735 374 397 391 809 625 365 629 788 825 434 793 675 713 488 715 673 1078 489 1083 657 1380 491 1387 
735 374 397 391 809 625 365 628 789 826 434 793 675 714 488 715 672 1079 487 1083 655 1380 490 1387 
735 374 397 391 809 624 365 629 789 825 434 793 675 714 489 715 671 1079 487 1083 654 1380 488 1387 
735 374 397 392 809 624 366 630 790 825 434 795 675 714 490 715 672 1079 487 1083 658 1379 489 1385 
736 374 397 392 810 625 368 631 790 826 433 795 675 714 490 715 672 1079 487 1083 658 1379 489 1384 
737 374 397 392 810 627 369 631 790 826 433 796 675 714 490 715 672 1079 487 1083 658 1379 489 1383 
738 374 397 392 811 622 369 630 790 818 433 796 675 713 490 714 674 1077 490 1081 660 1375 492 1382 
738 374 397 392 817 618 370 630 790 807 433 795 676 711 490 714 676 1075 492 1079 661 1370 493 1379 
738 374 398 392 822 602 371 631 801 773 433 795 677 708 490 713 678 1075 492 1076 664 1365 493 1374 
739 373 398 392 824 588 372 631 815 720 434 793 680 708 490 712 687 1075 495 1076 678 1365 499 1374 
740 373 398 392 830 592 373 631 816 724 435 791 682 708 490 712 688 1075 497 1076 679 1365 501 1373 
740 373 398 393 830 591 374 631 820 743 436 789 683 708 491 712 688 1072 497 1074 678 1365 500 1370 
740 373 398 393 832 582 374 630 841 701 436 788 683 707 491 710 691 1064 500 1072 679 1361 501 1369 
740 373 398 394 831 585 374 630 839 629 436 786 683 707 490 710 690 1064 496 1070 679 1357 491 1361 
739 373 399 394 831 582 374 627 821 725 436 786 681 706 490 709 680 1062 493 1065 666 1356 485 1358 
739 374 399 394 827 599 374 626 812 797 436 786 678 706 490 708 673 1062 488 1065 660 1357 483 1359 
740 375 399 394 824 619 374 627 803 822 436 787 677 706 489 708 667 1068 484 1067 651 1363 480 1361 
742 375 400 393 823 627 374 627 800 824 436 787 677 707 489 708 668 1075 484 1074 651 1369 484 1367 
742 376 401 392 822 628 374 625 799 821 436 787 677 707 489 708 668 1076 484 1074 652 1369 484 1367 
742 375 402 392 821 628 374 625 798 819 436 786 677 708 489 708 669 1076 484 1074 653 1369 484 1367 
743 376 402 392 820 628 373 625 797 816 436 785 677 709 488 708 669 1076 484 1074 654 1369 485 1367 
743 376 403 391 819 629 372 625 795 814 436 784 676 709 488 708 669 1076 484 1074 653 1368 485 1367 
743 376 403 391 819 629 372 626 794 813 436 784 676 709 488 708 669 1076 484 1075 654 1368 485 1368 
743 376 403 391 818 628 372 626 794 811 436 782 676 709 488 708 669 1076 484 1075 653 1368 485 1368 
744 376 403 391 818 629 372 626 794 816 436 782 676 709 488 708 669 1076 484 1075 653 1368 485 1369 
744 376 404 391 818 629 372 626 794 815 436 782 676 710 488 708 670 1076 486 1075 655 1368 487 1370 
744 376 404 391 818 628 371 626 794 814 436 782 676 710 488 708 671 1076 488 1076 659 1368 490 1370 
744 376 404 391 818 628 371 626 794 814 436 782 676 710 487 708 672 1076 488 1076 659 1368 490 1370 
744 376 404 391 818 628 371 626 794 810 436 782 676 711 487 709 671 1076 487 1076 659 1369 490 1370 
744 376 404 391 818 626 371 626 794 810 436 782 676 711 487 709 672 1076 488 1076 659 1368 490 1370 
744 375 404 391 818 625 371 625 792 808 436 783 676 711 487 710 673 1076 490 1077 662 1368 494 1371 
745 375 404 391 819 625 371 625 790 806 437 782 676 713 488 712 675 1079 491 1080 664 1369 497 1373 
746 375 405 391 821 625 370 625 786 804 444 779 676 714 487 712 675 1082 491 1082 664 1370 497 1374 
749 375 407 388 825 627 363 618 762 796 447 775 676 715 483 709 672 1066 479 1066 645 1341 477 1357 
754 377 412 384 827 628 356 588 763 797 417 745 674 715 480 703 670 1063 471 1060 643 1339 470 1354 
759 379 414 381 834 628 355 553 766 794 351 698 674 715 478 700 671 1012 448 1010 639 1279 466 1294 
765 383 417 376 836 632 355 544 768 806 341 661 673 717 472 699 652 1041 447 1025 632 1297 447 1314 
765 384 423 373 836 633 353 531 768 806 335 664 671 725 465 699 646 1069 445 1040 627 1345 440 1325 
764 384 424 373 836 633 341 537 769 806 355 646 673 727 467 701 656 1069 436 1044 640 1346 442 1327 
763 381 424 372 836 636 330 578 774 812 390 582 673 733 467 711 657 1071 437 1054 640 1348 444 1333 
763 378 424 368 835 631 332 604 787 805 418 546 672 733 467 715 659 1071 444 1063 641 1349 448 1336 
758 371 426 367 870 569 332 605 846 622 422 557 673 732 467 720 673 1065 463 1062 655 1337 449 1331 
774 371 434 366 897 581 333 594 828 571 420 591 689 738 477 722 707 1058 478 1062 668 1338 451 1334 
781 373 453 360 904 584 364 518 801 554 376 602 687 739 479 722 704 1058 474 1056 657 1338 439 1331 
779 374 458 357 895 586 382 514 763 559 364 607 686 736 479 719 703 1058 474 1048 656 1338 441 1320 
778 374 455 358 891 590 377 523 741 562 313 673 682 736 479 719 691 1060 471 1048 650 1339 440 1323 
776 371 454 358 897 595 370 555 735 568 294 731 678 733 479 718 684 1061 470 1049 649 1342 441 1330 
775 371 445 359 893 598 361 573 734 571 291 744 678 728 479 716 688 1061 478 1049 668 1346 479 1338 
771 371 439 360 890 598 355 577 736 581 291 743 678 725 483 716 692 1060 479 1049 677 1348 497 1344 
768 371 433 363 888 606 349 593 730 590 287 762 680 721 487 715 698 1061 482 1051 683 1359 503 1358 
765 371 427 367 885 622 342 619 729 597 258 778 683 709 491 712 708 1038 480 1023 682 1357 514 1356 
763 371 422 369 884 630 339 620 724 600 267 776 688 711 494 712 709 1053 459 1030 689 1369 522 1364 
762 372 417 375 883 636 336 627 726 603 261 776 692 714 498 714 710 1072 460 1059 699 1377 518 1377 
761 373 413 379 882 638 334 634 727 605 256 791 693 715 502 714 716 1029 434 1014 697 1351 515 1360 
760 374 410 381 881 638 333 631 727 606 265 778 693 717 502 714 713 1050 432 1022 696 1357 501 1361 
760 374 407 383 880 639 333 630 728 613 257 784 695 722 503 716 721 877 378 943 695 1233 511 1257 
758 374 407 383 884 638 333 627 729 613 263 778 695 723 507 716 720 851 363 910 693 1218 520 1201 
755 373 407 384 882 633 333 627 730 614 247 787 696 723 509 717 718 870 369 912 693 1239 528 1221 
752 372 407 383 881 627 333 626 738 614 248 782 696 724 509 717 721 895 373 916 693 1243 546 1220 
751 371 407 384 881 619 333 626 739 614 244 786 698 725 511 718 727 888 377 914 696 1240 554 1226 
750 370 407 385 887 627 332 632 745 620 238 799 699 725 511 718 706 958 379 983 696 1309 552 1317 
749 370 407 384 885 625 332 631 745 621 242 795 699 724 511 717 700 1040 409 1054 696 1369 549 1375 
749 369 407 384 882 624 332 630 748 622 243 798 699 723 511 717 698 1054 421 1063 696 1379 538 1388 
748 369 407 384 877 626 333 626 755 622 244 794 698 721 511 713 698 1042 416 1045 695 1365 520 1366 
745 369 407 386 874 628 333 628 757 622 246 792 692 721 505 713 695 1069 428 1047 694 1376 505 1377 
740 369 405 388 868 628 333 628 761 627 246 794 691 715 505 711 688 1003 409 972 692 1335 505 1345 
740 369 404 389 887 628 333 629 765 627 247 794 692 716 506 711 689 984 403 964 696 1324 518 1332 
740 369 402 390 888 628 333 630 764 628 247 796 693 716 508 711 704 881 377 908 696 1240 525 1260 
738 369 401 390 870 635 334 630 759 633 259 784 693 717 507 712 703 1039 433 1025 696 1348 519 1352 
735 369 401 390 859 637 334 631 752 633 257 784 691 717 505 711 690 1055 441 1037 690 1360 498 1363 
735 369 401 390 860 637 333 632 752 636 254 792 691 718 505 713 679 1043 432 1035 685 1355 496 1358 
735 369 400 391 853 637 333 634 748 643 252 796 690 718 504 713 679 1037 429 1036 685 1364 497 1367 
733 369 400 391 853 639 333 635 734 642 250 794 690 723 497 715 680 1077 458 1076 688 1380 495 1392 
732 368 399 392 855 643 332 636 724 637 250 792 690 728 493 720 687 1083 476 1080 695 1382 495 1396 
731 368 397 392 848 643 332 636 727 637 251 793 690 724 490 716 692 1069 464 1066 697 1377 496 1388 
732 369 397 392 841 637 332 628 731 648 252 793 690 719 493 711 717 810 383 853 683 1184 558 1172 
731 369 396 392 842 626 332 627 760 649 254 790 691 711 495 703 714 908 395 925 684 1235 575 1249 
730 368 396 392 836 620 333 622 782 652 265 787 690 703 495 688 703 920 407 947 684 1271 567 1265 
728 368 395 392 835 620 335 620 775 662 268 778 690 704 495 688 702 1014 443 1016 689 1316 561 1321 
727 367 393 392 835 620 332 618 774 685 268 772 690 701 495 685 702 990 434 997 673 1308 556 1312 
715 364 390 390 829 620 317 569 769 678 239 709 680 702 487 686 672 1024 443 1016 652 1315 488 1325 
673 356 360 387 807 585 249 531 768 675 148 698 662 695 472 685 671 1018 442 1014 658 1304 493 1326 
632 341 332 379 784 518 208 502 765 660 111 670 652 689 466 686 670 1014 431 999 661 1293 499 1312 
572 324 290 379 723 444 180 479 759 620 100 641 619 676 448 687 649 937 421 956 652 1209 538 1219 
518 315 250 382 668 422 156 482 770 537 102 629 587 654 427 687 704 860 366 882 654 1134 628 970 
464 310 210 382 589 422 137 490 693 549 105 630 533 629 400 680 728 682 441 850 792 845 657 891 
432 305 179 379 531 442 130 474 592 505 104 621 502 616 375 679 665 739 418 887 697 1024 537 1061 
410 301 171 373 495 405 118 468 567 464 97 619 477 572 370 666 637 441 390 851 658 745 566 876 
400 304 170 352 492 418 106 477 513 481 94 624 479 602 367 674 543 404 410 823 462 724 478 949 
388 305 172 324 474 422 101 476 552 489 95 623 468 591 364 653 471 402 384 726 462 701 441 837 
378 301 176 313 457 413 101 471 529 461 93 622 446 578 349 639 461 389 380 697 456 685 434 817 
379 299 177 312 444 424 106 465 519 485 94 619 436 580 331 632 482 393 355 709 458 739 419 807 
381 296 176 311 463 430 110 463 526 494 96 618 427 573 318 626 487 385 366 691 474 695 416 798 
376 293 180 305 435 431 113 460 502 499 98 619 410 565 307 620 479 379 456 631 453 657 444 744 
374 288 180 303 411 419 117 458 456 456 100 615 405 553 297 605 489 378 441 610 446 643 495 726 
368 286 179 299 390 419 119 457 435 439 100 615 392 551 288 599 502 388 465 613 450 639 524 798 
365 284 177 293 391 422 121 455 449 455 101 615 376 538 273 581 506 406 454 602 442 648 518 780 
365 281 174 292 391 422 122 455 434 479 101 614 356 525 253 568 510 419 434 602 423 637 515 759 
365 282 170 294 395 426 122 456 429 498 101 614 348 537 237 569 511 422 254 523 384 646 485 682 
365 283 171 295 392 436 121 457 440 520 100 615 342 541 232 563 512 429 242 519 343 649 458 659 
365 283 169 296 393 442 116 457 433 532 97 614 347 544 235 565 519 467 230 520 319 642 463 656 
367 284 170 296 392 447 115 456 430 541 97 613 344 544 233 557 521 507 230 529 294 638 458 655 
369 286 171 297 391 446 115 453 428 549 97 610 349 544 239 554 521 524 221 537 283 644 455 662 
370 288 170 297 390 446 115 454 427 550 99 611 348 544 237 553 516 542 224 540 280 649 458 670 
371 288 169 297 389 444 114 454 431 547 100 611 345 543 234 553 516 557 234 549 275 651 461 676 
371 288 169 298 388 438 113 454 434 544 101 611 346 543 234 555 516 579 228 547 271 650 461 682 
370 289 168 299 389 438 109 457 443 547 101 611 344 543 233 557 517 611 240 548 276 645 443 687 
371 289 167 299 390 441 106 461 452 565 101 613 346 546 233 557 519 622 233 548 276 643 443 686 
371 289 165 301 390 438 106 462 455 559 101 614 348 546 232 558 521 610 220 569 273 643 442 685 
372 289 164 302 396 437 107 463 455 559 101 614 348 547 230 559 520 603 210 570 265 644 434 687 
373 289 163 304 400 437 107 465 454 563 102 615 349 548 229 560 520 606 206 569 263 644 423 687 
374 289 163 305 400 435 107 465 449 561 102 615 349 547 228 559 520 607 203 568 260 641 414 678 
375 290 163 305 397 433 107 465 439 559 102 615 349 547 228 559 521 612 197 571 263 640 418 679 
376 291 164 305 390 433 107 466 437 558 102 615 349 548 228 560 524 621 195 585 266 638 423 680 
377 291 165 306 384 433 108 466 431 534 102 615 347 548 228 564 528 630 201 598 268 639 418 679 
379 291 170 306 380 432 109 464 433 519 102 614 346 548 229 568 528 631 205 609 269 640 420 680 
386 292 174 306 380 431 110 464 435 511 102 613 346 548 229 569 528 629 198 617 271 641 422 686 
394 299 178 306 398 439 113 455 435 514 102 594 352 551 232 570 531 633 179 628 272 649 423 695 
398 305 183 305 420 444 117 445 435 526 102 570 353 552 233 570 533 634 161 633 270 654 414 694 
403 312 188 305 438 460 121 441 431 556 109 542 355 555 233 570 540 635 171 635 283 663 423 694 
407 318 191 306 440 475 122 453 426 580 138 531 354 558 233 577 539 644 177 654 284 674 431 694 
412 323 198 306 438 482 128 461 421 598 159 536 354 564 233 579 538 643 180 648 287 683 438 693 
418 327 201 309 435 491 149 481 419 602 197 568 356 574 235 586 539 648 182 662 295 696 435 701 
421 328 204 312 434 491 160 489 415 608 209 586 357 575 235 586 544 652 178 663 297 693 362 712 
425 331 208 312 433 497 160 488 409 615 208 591 357 577 236 585 549 655 177 659 301 697 319 723 
429 333 212 312 434 500 159 488 405 616 204 594 359 575 236 585 550 655 177 662 306 696 289 719 
435 334 214 312 438 501 161 489 405 618 205 598 361 574 238 580 551 656 168 663 296 672 333 697 
439 335 217 312 439 500 164 489 406 619 206 601 362 573 240 578 552 656 168 674 296 666 345 691 
438 335 219 314 439 497 165 490 406 618 207 604 363 573 241 580 551 661 161 689 297 671 365 692 
436 336 220 314 439 496 164 490 406 619 205 605 362 571 241 580 550 661 155 686 303 680 348 704 
435 336 221 314 439 496 164 489 405 619 205 605 363 568 242 579 550 662 152 684 302 682 350 705 
434 336 223 313 440 495 165 489 406 618 205 604 365 567 243 579 550 663 154 686 302 682 371 703 
434 337 223 314 440 496 165 489 405 618 205 604 364 567 243 579 550 664 150 685 302 684 371 703 
434 337 223 314 439 496 166 489 404 617 205 604 365 571 243 583 550 665 148 686 298 690 377 704 
434 337 223 314 440 496 167 489 404 617 205 604 366 573 243 583 549 666 146 685 298 698 377 711 
434 336 224 314 440 497 168 489 404 617 205 603 367 573 243 583 544 666 145 683 297 700 353 716 
434 336 224 314 441 497 168 489 404 617 206 603 367 573 243 583 543 667 147 683 297 698 355 715 
434 336 225 314 441 497 169 489 404 617 205 603 367 573 243 582 544 667 145 682 294 697 350 714 
434 335 225 314 441 498 169 488 405 617 206 603 367 573 243 582 544 666 146 682 293 695 364 705 
434 335 226 313 441 498 169 488 405 617 206 603 367 573 243 582 542 665 141 682 293 696 361 706 
434 333 226 312 441 498 170 488 405 617 207 603 367 573 244 582 543 665 141 682 294 695 361 706 
434 332 226 311 441 498 170 487 405 617 207 603 366 573 243 582 542 664 139 680 296 702 329 715 
434 332 226 311 441 498 170 487 405 617 207 603 365 573 243 582 541 661 139 680 297 702 327 717 
434 332 226 310 441 498 170 486 405 617 207 603 365 574 243 582 541 659 137 675 298 701 333 716 
434 332 226 308 441 498 167 482 405 617 207 603 365 575 243 582 540 659 137 669 298 710 321 728 
434 331 226 305 441 498 145 471 405 616 211 577 365 575 242 581 539 656 149 662 306 709 338 725 
434 332 227 303 441 499 124 450 406 616 215 520 368 575 245 581 540 655 156 631 279 691 394 711 
432 334 230 297 441 499 105 409 407 616 242 422 360 575 245 570 536 657 191 596 276 674 397 672 
430 334 236 285 439 497 103 369 408 612 281 352 357 564 245 545 536 647 198 502 277 656 399 662 
428 333 239 278 440 498 109 345 408 610 327 327 350 565 243 547 524 647 231 424 269 657 368 668 
428 334 247 280 442 498 134 341 407 609 365 356 350 572 244 550 525 659 246 413 267 658 332 674 
431 333 249 282 453 487 184 361 407 605 390 395 350 574 248 551 527 660 246 422 266 656 328 678 
435 338 256 284 453 491 237 377 410 602 403 448 352 585 251 553 527 670 256 429 265 658 328 680 
439 343 260 284 452 494 249 430 413 596 371 541 353 587 252 554 528 669 258 422 273 661 321 679 
442 345 263 285 452 498 250 437 409 605 354 581 353 583 253 552 531 667 269 436 290 662 308 671 
445 345 264 286 451 499 246 440 404 607 348 587 354 577 253 548 533 662 257 446 291 663 316 670 
446 345 264 286 451 499 244 439 401 608 347 586 354 574 253 548 533 659 248 453 292 663 320 670 
445 345 264 286 451 500 241 435 401 608 347 577 354 574 253 549 533 659 244 446 292 664 322 671 
445 345 263 287 447 500 234 430 401 603 344 566 352 575 251 548 530 662 243 450 289 663 323 672 
444 346 262 287 446 500 231 415 402 596 343 559 349 578 250 548 529 665 244 450 286 663 324 672 
441 345 261 287 446 490 197 403 410 586 303 556 347 578 250 548 520 665 251 452 277 659 324 672 
438 344 257 288 446 468 138 406 452 559 195 543 347 585 250 555 519 666 250 426 262 655 322 674 
436 343 250 289 444 468 114 407 463 544 107 554 347 587 247 559 520 665 250 426 256 655 327 679 
435 340 240 295 433 468 109 408 467 532 53 571 348 592 245 564 525 659 250 425 259 655 332 682 
429 329 232 298 433 443 119 409 470 530 54 566 347 591 240 563 524 642 249 430 255 656 336 684 
419 320 222 298 419 444 130 412 460 528 66 560 345 590 237 563 522 643 252 433 255 656 336 685 
409 311 211 299 411 437 136 417 455 530 80 557 344 590 233 564 522 645 253 434 253 656 337 687 
397 303 196 303 431 415 140 427 454 528 95 556 344 589 231 564 520 646 256 431 252 656 337 687 
380 295 179 305 398 428 142 434 448 525 99 557 344 582 229 564 520 648 256 426 253 657 337 687 
370 288 171 305 377 427 142 436 434 521 98 559 345 573 229 562 520 650 258 426 253 658 337 687 
356 290 166 304 360 432 142 437 415 525 100 560 345 569 229 561 521 650 260 424 253 658 339 688 
354 294 168 303 356 437 143 437 399 532 103 561 343 569 229 561 520 650 266 425 254 658 340 688 
356 294 172 299 362 440 147 437 405 533 106 560 341 567 228 559 519 650 276 429 254 677 341 690 
355 290 177 294 355 434 152 434 395 534 106 559 336 558 226 549 516 645 279 456 254 675 295 734 
355 286 179 288 356 429 154 429 381 534 105 556 337 540 231 537 516 643 306 584 254 673 231 759 
353 284 180 286 355 419 154 428 380 527 105 555 337 532 233 531 515 637 330 634 252 681 200 722 
352 283 181 285 357 421 154 428 387 528 104 555 338 532 235 529 515 632 327 600 252 677 228 750 
350 283 180 285 356 421 154 427 385 529 103 555 338 533 236 530 515 634 321 590 252 676 240 742 
349 283 179 285 357 422 154 427 387 530 103 555 340 534 239 530 516 634 328 586 247 677 251 750 
349 283 179 285 357 423 154 427 391 530 103 555 341 534 239 530 517 637 324 572 243 676 280 752 
349 284 178 285 357 423 154 426 382 530 102 555 342 532 240 529 517 638 338 568 240 677 301 755 
345 282 178 285 356 419 154 426 381 527 102 555 344 530 242 528 518 642 335 567 241 685 312 750 
338 279 180 286 342 405 161 426 380 490 103 555 348 521 252 527 516 644 371 559 242 694 311 750 
330 279 185 288 331 404 170 426 366 482 103 555 348 518 256 526 489 633 375 547 242 686 314 713 
319 280 192 292 322 405 172 428 333 483 103 555 346 521 260 529 507 636 397 530 252 683 335 711 
323 280 185 290 329 407 168 428 349 488 103 555 348 521 258 530 507 617 384 516 278 675 355 685 
335 283 175 289 361 419 153 427 420 518 102 554 352 522 258 530 526 621 373 523 272 681 342 719 
345 293 175 290 370 436 154 427 429 543 102 554 347 528 250 531 525 623 349 523 246 673 328 738 
349 297 176 294 370 443 154 429 430 544 102 554 341 534 242 535 524 624 333 539 246 668 274 738 
350 297 175 297 371 442 154 430 437 542 103 554 342 538 241 536 523 634 302 528 247 668 246 730 
350 296 171 293 375 441 146 426 448 541 102 554 342 536 238 535 524 638 314 528 245 662 258 730 
349 290 171 291 373 439 147 426 437 538 102 554 342 534 238 534 522 642 316 517 246 667 303 735 
346 285 172 292 370 428 152 428 436 513 102 554 348 524 242 529 522 641 347 529 244 675 338 735 
341 282 176 294 367 423 156 430 445 511 102 554 350 524 244 532 524 639 363 504 257 678 351 717 
340 281 177 295 366 419 157 431 442 513 101 555 353 520 246 532 514 610 359 477 265 676 398 687 
342 279 178 296 364 408 158 431 399 482 101 554 354 517 246 533 455 556 308 488 272 679 394 682 
346 280 179 297 365 410 158 432 396 491 101 554 353 518 245 534 459 499 317 482 321 679 381 688 
356 280 180 297 383 402 158 432 393 495 102 554 353 516 244 534 364 508 321 486 389 679 382 693 
366 280 182 296 427 398 158 431 438 485 104 553 353 515 242 532 398 422 323 463 426 678 412 695 
368 281 183 296 414 400 158 430 432 487 104 553 359 518 244 534 427 374 325 439 470 640 418 688 
369 285 183 298 412 408 158 430 424 523 104 553 362 538 245 544 437 380 325 438 472 645 402 680 
370 288 184 299 422 415 158 430 440 530 104 553 364 545 247 551 443 380 326 428 480 638 417 677 
370 291 184 303 427 423 157 431 453 537 104 553 366 550 249 557 446 382 341 424 488 643 407 672 
372 295 184 306 434 427 157 435 464 535 104 553 372 553 253 561 448 383 355 421 496 644 408 667 
378 300 185 312 442 428 157 441 469 531 104 554 380 567 265 572 473 388 374 419 499 647 418 667 
385 310 187 320 438 448 157 448 460 552 103 555 386 586 273 586 491 392 384 406 500 648 416 668 
390 323 191 331 436 451 157 455 446 547 103 556 395 599 282 600 530 391 392 402 502 651 418 663 
399 344 195 349 437 478 158 469 461 564 101 559 413 617 291 620 572 398 392 409 497 664 403 690 
408 361 205 363 436 492 158 472 484 570 99 560 428 629 306 630 600 405 387 414 488 674 396 704 
409 375 219 377 422 514 162 479 444 602 97 562 437 649 324 656 592 450 387 427 495 699 403 725 
413 374 224 380 439 498 167 480 447 441 96 561 452 649 332 659 613 473 372 434 511 710 405 747 
410 375 223 375 455 488 175 477 453 440 96 560 457 644 335 651 673 465 343 435 532 701 417 744 
409 375 220 373 453 503 179 474 468 496 97 560 453 643 332 651 669 463 299 435 527 697 380 742 
407 371 218 370 451 497 177 472 477 522 98 560 453 640 333 649 657 460 274 436 523 695 360 749 
405 370 216 367 450 499 176 473 493 566 99 560 455 639 333 654 667 457 256 444 526 695 362 760 
405 374 214 369 449 502 175 474 487 574 101 559 457 644 333 658 689 454 230 452 533 696 359 760 
404 376 212 372 445 510 176 473 483 565 104 558 461 642 331 655 710 452 199 457 541 696 326 753 
403 377 210 373 449 500 176 473 481 530 109 552 464 639 336 653 715 454 176 474 540 701 316 778 
402 375 204 378 437 495 176 486 370 530 111 547 461 638 336 653 711 454 160 483 542 703 298 785 
399 374 202 377 454 454 172 484 430 430 111 547 459 637 336 651 704 452 162 481 544 703 295 766 
396 373 202 375 470 437 172 480 522 401 111 547 458 635 336 649 697 450 166 479 544 703 297 753 
399 373 203 375 484 443 173 479 546 429 111 550 459 629 336 644 690 436 176 476 543 703 299 776 
401 372 203 375 494 443 174 469 550 400 110 550 458 629 333 644 679 432 187 471 537 703 301 772 
404 372 205 375 500 439 173 468 565 385 108 550 457 632 333 644 653 417 203 470 523 704 342 788 
398 373 208 375 491 492 173 468 585 545 105 551 457 641 332 645 583 415 265 461 506 689 368 784 
398 372 207 374 487 488 173 466 565 526 102 551 448 649 318 646 501 417 317 460 483 753 372 793 
400 372 203 374 485 486 172 465 564 525 100 551 446 648 306 646 474 415 291 532 481 749 385 787 
400 371 202 372 483 461 169 465 555 455 97 551 445 640 307 637 507 413 285 484 487 736 376 785 
391 371 200 372 501 422 169 463 605 432 97 553 444 638 308 639 537 410 244 483 490 710 348 783 
391 369 200 372 521 414 159 465 616 425 96 547 447 633 316 644 578 408 161 503 521 710 348 811 
395 368 199 372 523 421 142 496 594 410 87 598 430 622 302 643 659 413 54 593 539 709 288 838 
397 367 198 373 518 426 140 500 575 420 78 603 419 615 292 640 691 431 39 611 547 709 273 825 
400 367 199 374 525 428 138 506 602 437 92 607 422 611 294 636 679 431 62 590 549 709 280 831 
401 366 204 374 514 425 148 490 576 393 93 569 446 611 328 640 658 418 109 520 555 701 332 830 
398 371 207 369 504 483 166 466 604 534 93 564 446 629 328 639 608 412 291 468 534 694 447 770 
412 372 207 369 504 465 171 461 570 422 93 559 449 638 320 639 543 411 344 463 510 703 446 773 
416 373 204 372 502 454 170 462 539 396 93 559 449 644 311 641 514 411 313 576 498 704 430 798 
416 375 199 373 485 455 169 463 530 391 92 559 449 649 311 645 546 407 346 483 502 702 442 790 
385 375 193 375 482 476 169 467 575 485 92 559 456 649 333 661 553 398 301 463 599 695 436 774 
361 368 178 375 435 472 159 465 509 429 93 558 455 648 335 664 556 381 288 444 661 667 401 773 
354 362 170 377 418 472 156 465 456 430 94 557 461 648 336 665 554 379 283 432 631 660 405 754 
331 362 169 382 401 458 156 464 409 420 95 555 447 628 336 666 558 379 276 424 623 666 490 701 
344 359 159 386 422 457 154 464 460 458 95 554 444 620 335 669 559 381 281 435 662 662 572 690 
350 355 156 389 431 456 153 466 475 434 95 554 453 622 335 673 584 381 282 438 689 672 597 702 
367 342 160 390 429 446 153 466 459 435 94 554 472 622 335 672 637 408 279 498 583 806 569 706 
391 322 161 390 440 419 151 479 472 478 94 563 496 621 363 671 680 419 275 557 571 759 570 718 
416 316 162 391 520 442 150 501 684 582 94 583 501 614 370 670 684 420 228 621 503 753 562 719 
453 320 171 391 608 427 150 505 717 571 95 599 508 602 373 669 662 419 232 684 518 747 554 747 
482 323 184 384 654 421 151 504 761 580 99 612 508 599 369 671 652 429 236 727 536 776 559 747 
524 325 203 363 767 424 142 460 795 609 122 627 512 601 368 676 626 426 355 790 612 769 549 809 
548 329 210 351 796 441 134 447 746 664 141 637 509 602 368 685 624 426 341 800 653 760 506 817 
564 352 213 349 799 491 136 490 700 687 142 701 506 604 356 688 626 435 326 801 605 775 432 866 
567 373 210 351 714 540 158 542 685 707 152 723 507 639 343 693 631 473 304 817 607 806 380 935 
586 390 207 352 698 565 163 544 737 736 156 720 514 658 343 699 643 500 274 815 634 808 353 904 
580 384 206 382 683 530 163 547 784 711 153 721 515 650 349 696 656 515 339 780 712 768 472 809 
590 380 206 405 747 557 161 540 898 716 151 731 524 646 342 685 660 565 341 791 668 791 484 820 
615 401 206 431 781 600 159 544 912 781 149 752 530 652 337 680 649 620 332 790 615 807 450 830 
648 431 208 447 779 602 148 545 886 775 168 750 534 650 335 649 591 679 325 741 536 751 393 761 
642 466 207 456 808 652 160 540 892 837 166 756 546 648 335 635 585 743 358 742 540 751 413 753 
662 496 220 441 830 672 172 537 922 842 168 752 566 655 348 639 595 745 389 733 553 754 441 749 
672 507 242 434 850 679 188 537 947 875 172 745 589 667 373 644 600 739 406 713 568 751 466 738 
679 507 265 432 865 679 209 536 999 898 173 739 605 665 395 633 608 698 410 682 571 710 476 702 
680 489 274 429 868 658 219 531 1006 891 173 741 595 700 398 672 617 805 411 777 611 864 485 831 
679 486 300 428 845 613 232 538 966 828 172 745 593 708 409 691 648 788 424 798 637 877 498 860 
688 440 307 427 833 584 245 560 895 728 178 748 607 717 421 711 749 628 412 817 666 898 496 984 
700 403 318 421 841 540 253 564 981 666 181 746 624 706 439 716 780 572 423 802 704 879 551 911 
725 395 328 418 904 515 247 587 1059 643 180 765 649 700 460 727 807 558 461 773 716 816 620 842 
725 390 343 409 933 501 255 577 1116 633 179 761 654 701 466 729 769 880 523 949 715 1116 568 1142 
733 371 357 404 947 446 264 581 1146 506 179 757 657 705 492 757 776 771 523 870 714 964 559 986 
750 360 371 401 966 437 274 583 1129 504 180 755 675 704 495 741 755 764 535 866 712 936 595 951 
758 351 392 395 977 439 294 579 1137 537 179 748 696 716 503 736 745 1037 526 1070 732 1305 571 1322 
769 358 410 390 962 463 309 577 959 585 179 727 682 721 500 732 706 1020 505 1040 722 1284 514 1306 
773 355 423 383 949 479 327 572 1001 593 216 694 672 724 498 729 706 963 503 981 714 1221 496 1254 
787 353 431 381 948 499 335 584 918 651 327 692 700 727 501 728 715 1063 512 1075 714 1343 500 1352 
801 355 436 382 921 560 338 604 862 738 461 697 710 739 504 732 711 1095 521 1101 702 1372 503 1384 
808 359 447 383 898 558 373 638 892 754 496 764 721 741 518 740 721 1111 538 1130 715 1405 527 1409 
819 365 467 387 927 589 404 677 919 798 567 816 723 737 529 741 721 1112 538 1131 711 1415 528 1423 
832 373 480 387 927 607 413 675 929 817 494 876 722 740 530 740 717 1130 532 1142 703 1433 519 1430 
840 392 500 393 927 627 414 676 934 850 456 900 715 742 530 745 706 1143 528 1149 680 1444 496 1436 
855 424 520 410 927 659 418 681 938 908 430 920 716 750 539 753 704 1155 530 1168 670 1438 491 1433 
870 442 534 427 948 630 422 688 965 845 419 942 718 756 552 773 701 1117 550 1130 672 1384 506 1388 
915 460 563 442 970 660 424 681 965 872 413 946 769 847 566 849 741 1197 572 1197 708 1470 531 1434 
937 492 587 457 975 722 434 677 970 963 412 944 798 897 593 892 765 1241 597 1232 737 1506 557 1465 
964 525 610 471 989 760 443 678 969 987 410 953 818 935 603 929 781 1307 595 1311 745 1597 557 1573 
1003 528 632 472 1027 739 451 675 976 936 410 953 844 979 614 954 800 1362 601 1357 759 1690 564 1671 
1034 518 649 470 1068 737 452 681 1017 924 427 987 876 998 636 974 828 1393 611 1387 781 1744 577 1726 
1021 519 642 472 1071 754 453 689 1037 953 432 1002 870 999 628 982 834 1397 614 1395 784 1760 576 1753 
1035 523 625 469 1110 763 452 688 1065 966 428 1003 882 1013 626 991 860 1425 636 1418 820 1795 605 1778 
1025 520 611 465 1085 758 452 687 1044 967 427 1009 884 988 626 971 860 1413 637 1405 819 1775 605 1758 
1024 482 585 463 1061 681 449 689 1001 831 441 991 870 970 609 949 824 1350 613 1317 805 1689 600 1642 
932 454 551 455 1027 614 447 689 987 747 439 976 821 966 564 944 779 1332 561 1313 764 1664 538 1638 
881 434 520 446 1026 542 441 698 990 640 451 972 774 933 530 917 726 1292 508 1277 715 1627 490 1603 
863 423 490 440 1009 577 440 697 989 766 466 960 736 889 517 914 723 1329 501 1319 689 1729 457 1713 
842 414 473 439 979 606 436 704 986 829 462 966 733 890 490 904 696 1328 471 1325 668 1734 442 1729 
839 403 465 432 978 617 429 701 988 849 460 951 727 815 496 885 708 1324 483 1322 682 1736 460 1728 
833 404 456 427 969 623 421 700 986 852 457 933 738 824 503 882 715 1322 496 1320 698 1730 466 1718 
829 404 456 419 969 607 415 699 987 831 455 917 741 842 503 871 719 1307 496 1303 701 1718 474 1706 
828 404 453 416 949 611 413 691 973 831 447 900 742 850 505 872 736 1297 512 1292 736 1709 520 1695 
831 406 451 416 950 614 414 694 987 836 448 905 756 856 511 872 757 1297 531 1292 760 1704 542 1693 
833 404 452 413 970 612 414 689 1003 836 448 896 764 858 518 873 761 1296 534 1292 758 1702 540 1691 
833 405 452 414 972 613 416 690 1002 832 442 903 772 871 525 882 767 1304 538 1306 764 1703 547 1699 
836 405 453 413 973 614 417 688 995 832 438 905 776 881 528 885 765 1306 534 1306 760 1701 545 1696 
837 405 456 413 977 615 417 686 1003 834 438 905 776 881 527 883 758 1306 524 1306 749 1700 530 1694 
838 405 457 411 977 627 417 686 1004 860 441 904 775 881 527 881 749 1306 513 1305 733 1699 514 1693 
840 405 460 411 980 640 418 686 1009 881 445 904 775 883 526 881 744 1307 508 1305 724 1698 503 1692 
841 406 461 412 979 641 420 689 1007 875 461 904 774 880 526 876 742 1303 509 1303 719 1694 503 1689 
842 407 462 415 966 658 424 699 994 885 461 929 769 883 524 877 736 1303 510 1305 716 1694 504 1688 
855 408 464 415 967 679 438 701 1000 934 469 928 775 882 531 875 742 1303 525 1305 722 1691 522 1687 
858 411 467 414 983 674 443 713 955 776 633 700 779 884 536 883 745 1270 529 1275 725 1622 530 1631 
844 414 477 406 912 670 467 715 814 574 719 541 778 916 536 912 747 1300 529 1304 727 1652 539 1664 
856 407 484 392 930 697 467 726 823 838 680 507 786 928 536 920 755 1333 534 1336 728 1707 537 1714 
857 400 492 387 938 701 473 728 875 831 663 492 786 927 535 919 759 1336 538 1339 731 1718 539 1724 
855 393 498 383 940 696 477 726 906 824 656 489 785 923 534 916 760 1332 539 1335 731 1715 538 1719 
855 393 501 381 943 693 477 729 915 837 648 494 785 921 532 915 760 1337 540 1337 731 1723 538 1726 
858 401 504 383 937 696 474 732 921 843 647 513 785 931 528 926 758 1348 535 1349 723 1735 529 1738 
858 404 503 383 938 658 446 726 866 625 677 551 777 929 527 926 756 1332 523 1331 724 1698 527 1700 
852 404 502 390 902 612 420 708 882 674 661 675 762 935 524 941 739 1333 510 1340 710 1704 507 1713 
853 409 500 400 927 622 416 690 930 837 635 763 763 934 526 938 739 1334 511 1340 711 1712 508 1720 
855 409 494 414 981 626 420 692 1007 894 512 920 778 914 538 921 752 1331 531 1340 733 1712 534 1720 
856 409 485 421 982 628 422 692 1009 906 461 924 784 910 541 917 757 1328 533 1339 743 1711 537 1716 
858 411 476 426 979 630 423 693 1009 908 456 926 784 896 541 903 757 1314 533 1324 742 1700 536 1704 
858 411 468 428 977 636 424 694 1007 903 468 923 756 795 540 864 748 1268 531 1276 735 1641 536 1650 
852 407 463 427 977 630 425 691 1001 890 474 907 758 827 537 849 740 1256 525 1262 726 1629 527 1632 
847 405 458 424 960 626 423 686 986 889 484 885 755 829 530 834 727 1236 514 1240 710 1607 511 1600 
843 405 451 424 965 629 421 687 997 884 486 896 743 789 527 844 728 1246 513 1248 709 1609 510 1600 
843 404 448 421 965 630 419 688 994 880 486 895 744 795 530 781 729 1247 513 1248 711 1607 511 1597 
843 405 448 421 962 630 418 687 990 883 465 889 751 813 532 767 730 1244 514 1240 711 1604 511 1595 
844 409 447 421 961 644 416 687 989 908 448 892 744 788 534 760 730 1236 515 1230 712 1591 511 1588 
844 411 445 421 962 648 415 688 993 916 439 900 742 782 537 760 733 1234 522 1231 715 1585 514 1585 
845 415 444 422 965 667 414 689 997 953 440 909 743 782 541 756 733 1236 526 1233 715 1582 514 1584 
845 416 444 422 965 671 413 689 997 952 439 908 743 780 541 753 733 1234 528 1233 714 1582 515 1585 
844 418 443 423 968 672 412 689 1009 949 437 907 739 777 541 746 733 1226 529 1223 714 1573 515 1576 
843 420 442 423 968 680 412 689 1007 959 440 905 738 775 541 742 733 1218 529 1217 713 1560 515 1564 
840 420 441 424 957 678 412 689 994 953 435 912 738 780 543 751 733 1215 532 1216 715 1556 521 1561 
840 423 441 424 958 682 412 689 994 955 435 915 738 766 543 742 735 1212 535 1212 715 1551 523 1555 
840 422 441 424 957 680 412 689 985 951 436 913 738 762 542 733 734 1209 535 1210 715 1546 523 1550 
844 421 441 424 957 680 412 686 978 949 438 911 738 756 543 732 735 1200 537 1201 717 1533 528 1539 
844 422 441 424 949 679 412 687 966 947 439 911 737 757 539 786 731 1201 536 1201 710 1534 527 1537 
844 421 442 424 949 678 412 687 977 947 442 917 737 761 538 812 730 1204 535 1203 708 1537 525 1542 
843 421 442 423 948 677 412 687 975 946 442 916 736 762 534 823 726 1204 529 1206 703 1540 521 1545 
841 421 443 423 949 674 413 687 989 931 448 921 736 764 534 827 726 1205 529 1207 703 1540 521 1543 
841 421 443 424 948 671 414 688 993 928 452 926 734 763 533 826 725 1202 528 1208 702 1537 521 1540 
839 420 445 424 944 668 414 690 992 919 449 933 742 832 532 846 725 1210 528 1220 703 1545 521 1549 
836 420 448 424 942 657 415 690 992 893 449 927 744 836 530 840 721 1209 522 1218 698 1541 518 1541 
827 418 451 424 932 641 416 690 980 865 449 914 737 823 527 837 714 1206 518 1214 693 1535 516 1534 
823 416 453 424 889 617 417 689 980 875 446 911 726 790 530 770 708 1186 514 1196 685 1511 511 1512 
817 414 456 424 882 596 418 685 978 841 435 900 713 774 523 789 698 1181 507 1185 671 1509 498 1507 
813 404 456 421 893 533 419 683 997 720 439 889 704 754 523 742 693 1150 503 1160 670 1454 488 1457 
812 381 453 421 821 483 424 686 786 629 459 890 701 734 523 744 688 1119 501 1152 666 1396 479 1428 
804 366 452 423 862 410 426 686 981 506 471 894 699 722 523 727 690 1095 505 1121 667 1376 482 1396 
801 359 451 423 961 424 427 689 1076 503 478 900 701 732 524 741 692 1108 510 1130 670 1404 485 1416 
800 361 451 423 979 420 427 689 1076 480 477 898 702 738 525 748 692 1120 510 1137 670 1419 487 1423 
798 361 449 423 962 383 427 690 1063 459 482 902 703 741 524 772 694 1116 511 1134 671 1408 488 1416 
797 358 449 423 957 395 428 693 1097 474 485 903 701 738 524 759 694 1112 513 1133 672 1406 488 1416 
797 359 447 423 961 425 428 696 1075 529 487 907 701 737 522 755 695 1117 519 1137 673 1413 494 1424 
799 361 447 422 981 435 427 695 1071 536 485 906 702 735 521 745 695 1116 519 1136 673 1410 494 1420 
814 362 447 420 985 486 427 695 1065 644 484 907 702 734 521 738 695 1114 520 1132 673 1407 494 1415 
821 371 449 417 980 513 427 687 1060 652 481 905 704 734 523 739 698 1116 520 1129 673 1411 494 1415 
834 378 451 415 976 556 426 684 1042 736 473 905 711 737 527 742 699 1119 521 1130 673 1419 499 1421 
832 384 453 415 967 571 426 684 1029 754 467 905 712 739 528 743 700 1129 521 1136 673 1436 500 1441 
834 395 454 416 965 593 426 684 1029 786 463 908 717 747 529 789 707 1144 522 1150 679 1455 508 1460 
838 400 455 416 965 600 426 684 1028 790 461 911 719 755 531 787 711 1149 522 1153 683 1460 512 1460 
841 407 457 415 966 617 426 683 1030 804 463 909 721 760 531 797 714 1158 522 1158 685 1469 512 1463 
842 412 458 415 967 620 426 683 1032 808 461 909 721 763 530 801 714 1162 519 1160 685 1472 509 1464 
842 415 458 414 966 615 426 675 1032 801 444 905 721 776 528 810 717 1169 520 1164 689 1478 510 1468 
842 422 459 414 965 619 425 672 1027 803 437 901 723 774 529 809 717 1167 521 1164 689 1475 511 1466 
840 422 459 418 953 615 425 672 1007 797 433 899 723 772 529 808 717 1165 522 1163 688 1472 511 1465 
840 422 460 421 952 624 425 673 1010 806 435 899 723 771 533 782 717 1164 522 1163 689 1471 514 1465 
837 420 459 423 939 630 425 681 996 826 447 900 720 771 531 787 714 1159 522 1161 688 1467 514 1463 
833 419 459 423 936 645 426 683 1000 854 444 903 720 770 530 791 714 1159 523 1161 690 1467 516 1464 
831 419 459 424 934 658 426 685 997 879 439 904 719 769 530 795 715 1159 524 1161 691 1468 517 1466 
830 418 458 424 931 657 426 685 994 878 434 904 719 769 532 777 719 1159 529 1161 700 1468 527 1466 
829 420 458 424 931 665 426 685 993 888 434 904 719 767 534 767 719 1160 529 1161 699 1469 526 1466 
827 420 458 424 922 659 426 684 977 881 431 904 719 767 537 769 719 1160 529 1162 699 1469 527 1466 
826 420 458 424 923 665 426 685 979 901 431 911 719 767 533 793 717 1161 528 1163 696 1471 523 1468 
824 421 458 423 921 664 426 685 976 901 432 912 719 767 531 806 717 1162 528 1165 696 1472 523 1469 
824 422 459 423 917 665 425 685 974 905 433 914 719 767 530 810 717 1163 528 1166 696 1473 523 1471 
823 421 460 423 883 632 425 684 968 892 433 914 719 765 530 811 718 1162 530 1166 701 1472 532 1471 
823 421 460 424 890 636 425 684 970 887 433 914 720 767 535 801 720 1162 533 1167 708 1472 540 1471 
823 424 461 424 884 631 425 684 971 886 435 914 719 767 531 803 718 1162 532 1166 706 1471 539 1471 
822 424 462 425 872 623 425 684 967 884 435 912 719 767 528 809 718 1162 532 1166 705 1471 537 1471 
814 424 463 425 877 623 425 684 937 860 435 908 716 774 522 818 715 1165 532 1168 701 1474 536 1476 
814 425 464 424 869 625 425 683 943 867 435 905 715 773 528 787 712 1163 530 1164 699 1472 535 1473 
818 424 466 424 874 626 425 684 956 896 435 910 715 773 532 770 712 1158 530 1162 699 1464 534 1467 
818 423 467 424 876 621 425 685 958 885 426 915 715 772 535 769 713 1155 530 1159 700 1460 534 1463 
822 417 467 425 905 621 424 685 959 870 422 920 715 755 535 761 713 1134 531 1149 702 1430 535 1438 
827 418 466 425 917 639 425 685 973 889 430 920 715 753 534 778 713 1135 531 1149 699 1434 534 1441 
827 421 466 425 898 624 425 685 972 884 434 914 716 759 535 776 712 1140 531 1151 699 1440 533 1443 
827 422 467 423 892 623 425 684 974 891 436 914 715 761 534 768 712 1141 531 1151 698 1441 533 1443 
829 426 467 424 891 623 426 684 974 891 440 913 715 761 533 794 712 1141 531 1152 698 1443 533 1444 
830 428 467 424 891 623 426 684 985 903 442 912 715 761 534 766 713 1141 532 1152 698 1443 533 1445 
822 430 467 424 868 623 425 683 973 890 437 909 714 780 526 807 713 1158 532 1160 698 1463 532 1462 
821 430 468 424 870 628 425 683 972 898 436 910 714 780 526 811 713 1159 532 1161 697 1463 531 1462 
811 430 468 424 871 637 426 683 948 876 437 909 713 779 523 819 712 1160 531 1162 696 1464 530 1463 
809 431 468 423 861 636 426 683 950 874 436 909 712 780 518 820 708 1163 527 1163 693 1466 525 1465 
808 433 468 421 859 637 427 681 952 878 431 906 710 778 517 820 708 1163 527 1163 692 1468 524 1465 
808 432 469 420 858 637 427 681 953 877 439 903 710 768 517 817 708 1163 527 1163 692 1467 524 1466 
810 409 469 404 860 622 428 677 954 842 464 892 714 762 528 789 712 1160 528 1163 697 1466 527 1466 
814 395 468 394 862 612 428 674 968 836 471 885 714 763 528 774 711 1140 528 1153 696 1443 526 1449 
813 374 464 385 861 591 429 669 966 805 482 871 713 755 529 761 712 1134 531 1149 696 1440 528 1445 
809 366 461 381 857 581 431 660 964 783 479 863 713 755 529 764 717 1136 535 1149 703 1442 533 1446 
808 360 459 383 857 570 434 662 964 763 481 868 717 756 532 765 730 1137 552 1154 719 1443 551 1448 
808 361 457 386 867 572 434 663 972 783 482 869 722 756 535 766 739 1138 555 1155 729 1447 557 1455 
809 364 454 386 867 576 434 661 962 790 480 869 721 756 535 768 737 1139 554 1156 727 1448 557 1458 
808 366 448 387 897 598 434 662 967 829 479 877 721 764 536 773 738 1143 555 1163 731 1457 560 1468 
808 367 443 387 894 590 433 663 973 828 486 876 724 763 538 775 741 1148 556 1170 734 1465 560 1477 
807 369 438 388 884 589 431 665 978 819 486 878 729 799 536 805 729 1152 539 1174 717 1468 538 1481 
803 371 434 391 906 608 430 672 989 824 488 882 729 768 536 820 728 1153 537 1176 717 1468 535 1481 
800 374 429 399 905 615 427 680 987 827 487 898 729 752 534 769 724 1151 532 1176 716 1458 534 1475 
795 378 424 401 902 617 425 681 977 828 487 897 726 737 529 736 707 1124 521 1142 702 1409 523 1430 
789 383 420 408 866 616 420 688 963 827 491 903 718 732 523 738 701 1125 516 1144 696 1411 519 1433 
787 384 418 409 862 615 411 689 961 826 500 902 712 725 515 727 697 1104 508 1122 688 1381 515 1398 
787 385 417 410 859 614 409 689 956 819 469 902 712 725 513 724 697 1110 508 1129 689 1392 511 1410 
786 385 418 410 853 588 407 686 944 798 444 881 709 727 514 723 697 1115 508 1132 689 1400 509 1419 
787 385 419 410 862 582 408 685 960 800 432 882 710 730 514 729 698 1131 508 1144 689 1432 506 1439 
788 385 420 410 874 579 406 683 969 803 433 880 711 734 516 732 701 1138 509 1149 690 1449 507 1450 
794 387 424 410 898 597 407 685 965 803 439 880 711 735 518 734 701 1152 510 1163 691 1463 508 1465 
797 388 429 411 928 597 407 685 967 802 442 885 711 736 521 735 703 1149 514 1162 696 1447 512 1456 
801 392 442 412 945 600 407 686 986 802 468 889 712 736 523 794 703 1143 515 1157 697 1431 516 1444 
806 392 452 418 942 599 408 686 990 799 467 896 712 737 529 808 701 1094 517 1108 697 1348 530 1356 
815 395 461 420 936 601 408 686 990 804 454 897 711 739 529 811 697 1127 513 1146 678 1411 501 1413 
830 401 471 420 967 606 410 685 1019 812 449 900 711 751 530 805 698 1141 516 1157 674 1443 496 1439 
842 410 488 421 954 598 416 688 977 805 448 913 711 758 539 800 703 1146 524 1170 676 1443 499 1439 
849 416 504 426 964 574 424 687 976 744 459 918 712 758 548 792 703 1003 533 1035 678 1180 550 1171 
862 414 526 431 962 526 430 686 944 668 461 923 715 741 561 791 707 881 574 934 679 978 603 993 
878 426 548 432 962 550 438 685 944 717 461 930 722 744 573 801 710 985 574 1016 695 1184 586 1182 
904 437 571 432 973 625 445 679 948 849 461 927 730 769 572 825 730 1115 580 1109 710 1375 584 1349 
942 445 584 432 976 669 451 677 945 900 461 932 772 832 577 837 743 1149 586 1133 716 1417 580 1380 
958 474 594 433 986 711 455 675 943 949 464 930 785 877 575 863 752 1237 578 1229 715 1541 540 1507 
974 482 603 435 996 718 457 675 937 959 464 949 799 882 582 859 764 1253 578 1253 719 1564 536 1539 
974 487 605 435 1000 730 457 676 939 974 471 944 794 895 579 875 759 1268 577 1265 710 1586 516 1561 
971 487 593 435 994 703 455 676 933 933 468 944 758 871 575 874 757 1259 567 1259 687 1566 497 1542 
963 486 590 434 996 702 454 673 936 926 467 938 776 888 574 874 754 1265 565 1260 683 1577 494 1550 
961 482 585 435 994 695 453 674 938 917 467 941 775 883 567 872 752 1257 560 1260 681 1573 488 1554 
943 478 582 435 992 694 453 677 964 919 465 942 728 837 557 868 741 1248 554 1250 669 1555 482 1536 
917 477 565 434 993 692 453 681 978 917 460 946 718 816 557 847 731 1238 542 1244 668 1541 483 1522 
896 475 545 435 992 700 452 687 991 930 459 950 718 804 550 845 715 1227 532 1221 654 1512 475 1476 
887 469 526 435 989 696 451 693 993 927 459 960 712 799 537 845 710 1221 526 1219 650 1511 469 1480 
881 464 514 433 973 682 451 692 979 909 456 953 713 796 527 845 711 1221 528 1221 653 1528 474 1518 
883 455 503 432 971 691 451 697 978 943 456 973 734 835 530 845 709 1222 529 1220 653 1529 476 1512 
882 436 493 431 966 690 449 699 977 938 465 973 730 790 531 844 710 1221 528 1221 655 1536 477 1521 
875 429 487 431 955 689 447 698 977 934 470 970 730 786 530 844 710 1223 525 1227 665 1549 483 1539 
868 423 482 430 947 683 445 697 977 933 485 949 730 772 530 772 713 1207 525 1214 679 1547 498 1532 
862 421 481 427 947 678 439 696 1002 932 474 942 731 778 531 762 722 1206 526 1213 694 1543 510 1528 
856 415 480 425 950 655 436 693 1006 887 482 914 731 780 532 753 726 1201 526 1206 697 1536 511 1527 
852 415 474 425 951 654 434 693 1003 889 481 906 731 782 535 755 730 1197 526 1202 699 1532 512 1525 
847 415 470 425 952 652 433 692 1002 891 478 899 733 783 538 764 731 1197 527 1202 702 1531 514 1523 
845 414 468 425 952 653 433 689 1000 892 475 877 736 786 541 769 737 1197 529 1202 709 1530 518 1522 
847 414 465 425 953 653 432 691 1005 905 468 883 737 787 543 772 738 1197 533 1204 714 1530 527 1522 
846 414 463 425 916 648 431 691 1004 913 453 890 737 788 543 774 738 1197 534 1204 713 1529 527 1523 
847 415 464 425 942 655 429 690 1017 929 443 893 739 788 546 775 740 1196 537 1204 717 1525 529 1522 
846 413 465 424 942 653 429 690 1012 904 445 898 739 788 547 775 740 1196 537 1204 717 1525 529 1522 
845 413 464 425 943 654 429 691 1009 904 446 900 739 789 547 775 740 1197 537 1204 715 1525 529 1522 
843 413 464 425 944 654 429 690 1008 901 445 900 739 795 548 776 740 1197 537 1205 715 1525 528 1523 
844 414 464 425 945 654 429 689 1007 901 445 901 748 816 548 775 737 1197 535 1204 714 1523 527 1522 
844 414 464 425 949 654 428 688 1007 904 443 902 748 814 550 776 738 1199 536 1206 713 1524 527 1524 
844 414 465 425 949 654 428 688 1004 900 443 902 748 797 550 771 738 1198 536 1205 713 1521 527 1523 
845 414 464 425 949 654 428 687 1004 900 443 903 748 795 552 773 738 1198 538 1205 714 1521 529 1523 
846 414 464 426 949 654 428 689 1003 900 443 909 747 791 552 772 739 1198 539 1206 715 1521 530 1524 
848 416 464 426 950 659 428 688 1003 916 444 909 748 799 552 771 739 1200 540 1209 714 1523 530 1528 
849 416 464 426 950 659 428 688 1000 920 445 912 747 790 552 769 739 1196 541 1205 715 1518 531 1523 
849 417 464 426 951 661 429 686 1001 921 446 903 747 791 551 768 740 1196 542 1204 717 1518 533 1522 
849 418 464 426 950 666 432 686 1000 924 449 907 747 778 551 756 741 1189 547 1201 722 1508 539 1515 
852 420 464 427 949 674 434 686 998 941 449 910 748 779 551 758 745 1190 552 1201 725 1509 545 1516 
853 421 464 427 949 676 433 685 997 946 447 911 748 787 551 759 745 1193 551 1205 724 1514 544 1521 
854 421 464 426 950 676 429 686 997 946 442 913 748 784 551 760 745 1195 551 1206 723 1515 543 1522 
856 423 464 427 950 677 428 687 994 952 442 917 748 778 551 760 744 1195 551 1206 722 1516 543 1524 
855 423 464 427 945 677 428 687 991 949 442 920 748 764 551 760 744 1195 550 1207 721 1516 542 1524 
854 422 464 428 945 674 428 688 991 947 446 924 747 755 551 760 742 1194 550 1207 720 1516 540 1524 
853 422 463 428 945 672 427 688 989 945 446 924 747 758 550 817 742 1196 548 1209 718 1518 537 1526 
853 422 463 428 948 671 427 688 991 942 445 924 747 756 550 825 742 1196 548 1209 718 1517 537 1525 
855 422 463 430 948 671 428 689 990 944 444 927 747 758 551 785 743 1194 550 1208 720 1515 540 1525 
860 422 463 430 949 672 428 689 987 945 440 930 747 760 551 816 743 1194 551 1208 720 1515 541 1525 
860 422 463 429 950 671 427 685 987 945 439 927 747 779 551 826 744 1195 552 1208 720 1515 541 1525 
860 423 463 428 955 672 428 684 989 946 439 924 755 812 551 783 744 1195 551 1207 720 1514 541 1523 
860 423 463 428 955 670 428 684 988 943 442 915 757 815 551 769 741 1194 550 1205 717 1514 539 1522 
859 423 463 428 952 670 428 685 983 941 444 911 756 817 550 761 737 1193 548 1205 712 1514 536 1522 
859 424 463 428 952 672 428 685 982 941 445 912 758 823 549 761 737 1195 547 1205 712 1517 536 1522 
857 424 463 428 952 671 428 689 982 940 449 912 758 821 548 757 735 1195 544 1205 710 1517 535 1522 
857 425 463 428 953 672 428 689 984 940 449 912 758 821 548 759 735 1195 544 1205 711 1518 535 1522 
858 425 463 429 959 671 428 689 992 941 450 914 761 821 548 759 737 1195 546 1205 713 1517 536 1521 
